2.232959999999999709e+05
2.292202750056042278e+05
2.361879999999999709e+05
2.444803397476945247e+05
2.533679999999999709e+05
2.620623660036176734e+05
2.705480000000000000e+05
2.789716962378346361e+05
2.873559999999999418e+05
2.956903490450435202e+05
3.039560000000000000e+05
3.122754075819908758e+05
3.213440000000000000e+05
3.316895206269927439e+05
3.425960000000000000e+05
3.532695099100380321e+05
3.638480000000000000e+05
3.746369397328550695e+05
3.856800000000000000e+05
3.968452311585416901e+05
4.075599999999999418e+05
4.177631356329779956e+05
4.298800000000000000e+05
4.456022263095462113e+05
4.612000000000000000e+05
4.728579591288369265e+05
4.818400000000000000e+05
4.905459371751059080e+05
5.008400000000000000e+05
5.138882921707394416e+05
5.286000000000000000e+05
5.427908941419360926e+05
5.521599999999998836e+05
5.537581312615153147e+05
5.521599999999998836e+05
5.515515808120017173e+05
5.470399999999998836e+05
5.319505454904776998e+05
5.015600000000000000e+05
4.560512372260874836e+05
4.132800000000000000e+05
3.877945056051724823e+05
3.632400000000000000e+05
3.233012403532227036e+05
2.827240000000000000e+05
2.574600329819366161e+05
2.372240000000000291e+05
2.087791277190308028e+05
1.733200000000000000e+05
1.359894561419401434e+05
1.032920000000000000e+05
8.000554771320859436e+04
6.263999999999999272e+04
4.722910300522551552e+04
3.616999999999999272e+04
3.190564026588935667e+04
3.069879999999999563e+04
2.846193593121704180e+04
2.588640000000000509e+04
2.437391600924246086e+04
2.338879999999999927e+04
2.215735003181311185e+04
2.089120000000000073e+04
1.994508386350509318e+04
1.926079999999999563e+04
1.869071451416650962e+04
1.814240000000000146e+04
1.756585807982884944e+04
1.702559999999999854e+04
1.658100316651808316e+04
1.615639999999999782e+04
1.568992925409881536e+04
1.531000000000000000e+04
1.513442981708665684e+04
1.504840000000000146e+04
1.492140147755455291e+04
1.479279999999999927e+04
1.471931427269511914e+04
1.465720000000000073e+04
1.456989143166496797e+04
1.455000000000000000e+04
1.468107000064501335e+04
1.488120000000000073e+04
1.505422856575497462e+04
1.521239999999999782e+04
1.538281573633507651e+04
1.554359999999999854e+04
1.568540848890470261e+04
1.589800000000000000e+04
1.625720030804610542e+04
1.668400000000000000e+04
1.708569027891087535e+04
1.746959999999999854e+04
1.786083857631038336e+04
1.825559999999999854e+04
1.864655541584755701e+04
1.904120000000000073e+04
1.945133976029936821e+04
1.989120000000000437e+04
2.036843554295497597e+04
2.086200000000000000e+04
2.134961806788072863e+04
2.183279999999999927e+04
2.231749218552210732e+04
2.280359999999999854e+04
2.328961319003082463e+04
2.377440000000000146e+04
2.425805505435458326e+04
2.474519999999999709e+04
2.524416659255083141e+04
2.577359999999999491e+04
2.634572857544207727e+04
2.693679999999999563e+04
2.752096910568084786e+04
2.810000000000000000e+04
2.868079500183452910e+04
2.926320000000000073e+04
2.984545088698103064e+04
3.042640000000000146e+04
3.100620145024135854e+04
3.158959999999999854e+04
3.219004331205352719e+04
3.285119999999999709e+04
3.360392530154451379e+04
3.439759999999999854e+04
3.517625548176842130e+04
3.594400000000000000e+04
3.671580277138182282e+04
3.748999999999999272e+04
3.826253343270426558e+04
3.903640000000000146e+04
3.981346349780111632e+04
4.058399999999999272e+04
4.133951257609125605e+04
4.208800000000000000e+04
4.283903619783381873e+04
4.359200000000000000e+04
4.434384263257343991e+04
4.509200000000000000e+04
4.583709327187241433e+04
4.659200000000000000e+04
4.736678427993686637e+04
4.814800000000000000e+04
4.892326960838011291e+04
4.970800000000000000e+04
5.050863728654268198e+04
5.126800000000000000e+04
5.192868124544914463e+04
5.249600000000000000e+04
5.298813773166070314e+04
5.341200000000000000e+04
5.377276782790801371e+04
5.408000000000000000e+04
5.433729095670719835e+04
5.452000000000000000e+04
5.459706834526314196e+04
5.454000000000000000e+04
5.435243566224023380e+04
5.416399999999998545e+04
5.405568900577591558e+04
5.378799999999999272e+04
5.313880831465605297e+04
5.227599999999999272e+04
5.141507773559985071e+04
5.057199999999999272e+04
4.971588074294450780e+04
4.882799999999999272e+04
4.789939929262208170e+04
4.694800000000000000e+04
4.599802208656713628e+04
4.507200000000000000e+04
4.418701236110935861e+04
4.334000000000000000e+04
4.252142846899540746e+04
4.171600000000000000e+04
4.090877376290898246e+04
4.009200000000000000e+04
3.926742647936863796e+04
3.846759999999999127e+04
3.772237031961642060e+04
3.702000000000000000e+04
3.634099224216560833e+04
3.567639999999999418e+04
3.501586071172111406e+04
3.433279999999999563e+04
3.360596491094991507e+04
3.285159999999999127e+04
3.205937964447919876e+04
3.107519999999999709e+04
2.977821651113326152e+04
2.832440000000000146e+04
2.689180431098773988e+04
2.546999999999999636e+04
2.401971624491578041e+04
2.257479999999999563e+04
2.117368070934913703e+04
1.980000000000000000e+04
1.842916091768765182e+04
1.705840000000000146e+04
1.573407561990024806e+04
1.467720000000000073e+04
1.405218660271135741e+04
1.362240000000000146e+04
1.312177796925431721e+04
1.256760000000000036e+04
1.203075152027136937e+04
1.151319999999999891e+04
1.100001594966019911e+04
1.047760000000000036e+04
9.944134681087827630e+03
9.443599999999998545e+03
9.009945325988484910e+03
8.591200000000000728e+03
8.146084014958230910e+03
7.761999999999998181e+03
7.519718614178588723e+03
7.344799999999999272e+03
7.146891528327404558e+03
6.927199999999999818e+03
6.708665272511789226e+03
6.509599999999999454e+03
6.341497381625435992e+03
6.193199999999998909e+03
6.050145200986462442e+03
5.906799999999999272e+03
5.761621814428712241e+03
5.620000000000000000e+03
5.487917541298685137e+03
5.366800000000000182e+03
5.255708020376546301e+03
5.148799999999999272e+03
5.040450377195127658e+03
4.930799999999999272e+03
4.823540470842941431e+03
4.730800000000000182e+03
4.661387739433105708e+03
4.602399999999999636e+03
4.539408571424631191e+03
4.473600000000000364e+03
4.408977974868365891e+03
4.345199999999999818e+03
4.281129529101903245e+03
4.216799999999999272e+03
4.152503908724020221e+03
4.088399999999999636e+03
4.025089836002014636e+03
3.965079999999999018e+03
3.910191747267918345e+03
3.857599999999999454e+03
3.804163174926307875e+03
3.750119999999999436e+03
3.696315553026846374e+03
3.642639999999999873e+03
3.588854612966303648e+03
3.535159999999998945e+03
3.481665995107935032e+03
3.427679999999999382e+03
3.373001406601951203e+03
3.320199999999999818e+03
3.271698378484255045e+03
3.226559999999999491e+03
3.183135079461023906e+03
3.140279999999999745e+03
3.097196303671647456e+03
3.053960000000000036e+03
3.010799705852384250e+03
2.967679999999999836e+03
2.924529872918812998e+03
2.881399999999999636e+03
2.838320802472362175e+03
2.795119999999999891e+03
2.751746917191736429e+03
2.708839999999999691e+03
2.667206528760692436e+03
2.627639999999999418e+03
2.590496967765493537e+03
2.554399999999999636e+03
2.517920600177332290e+03
2.481159999999999854e+03
2.444500631525176686e+03
2.407920000000000073e+03
2.371316873721959382e+03
2.334679999999999382e+03
2.298036873586985166e+03
2.261480000000000018e+03
2.225015631930097697e+03
2.188239999999999782e+03
2.151055598692620606e+03
2.114999999999999545e+03
2.081756973299417041e+03
2.051959999999999582e+03
2.025516508109710230e+03
2.000479999999999791e+03
1.974946994261741338e+03
1.949039999999999964e+03
1.923255514843323226e+03
1.897559999999999491e+03
1.871825946364964238e+03
1.846079999999999700e+03
1.820320699696818565e+03
1.794279999999999745e+03
1.767746254847760156e+03
1.740999999999999773e+03
1.714354280912139302e+03
1.687759999999999764e+03
1.661116621503681927e+03
1.634480000000000018e+03
1.608184233073132191e+03
1.583520000000000209e+03
1.561426446203788828e+03
1.540480000000000018e+03
1.519094982111713307e+03
1.497399999999999864e+03
1.475833625349357817e+03
1.454359999999999900e+03
1.432855516490854598e+03
1.411319999999999709e+03
1.389784308687222392e+03
1.368280000000000200e+03
1.346887248760253669e+03
1.325880000000000109e+03
1.305436696271762457e+03
1.285160000000000309e+03
1.264695966152697792e+03
1.244440000000000055e+03
1.224574439117446445e+03
1.203680000000000064e+03
1.180096277377515435e+03
1.152799999999999727e+03
1.123250451372490716e+03
1.102199999999999818e+03
1.098261917132520466e+03
1.102200000000000045e+03
1.103226880097426601e+03
1.102200000000000045e+03
1.101975562477772428e+03
1.101759999999999991e+03
1.100590869991483260e+03
1.100480000000000018e+03
1.104360957556293670e+03
1.115879999999999882e+03
1.136925299783341188e+03
1.161639999999999873e+03
1.184292843310341595e+03
1.207399999999999864e+03
1.234633326975292221e+03
1.266039999999999964e+03
1.300173848788489749e+03
1.333240000000000009e+03
1.364181277870749454e+03
1.405240000000000009e+03
1.463901039728512387e+03
1.515319999999999709e+03
1.536199563215199078e+03
1.541759999999999764e+03
1.551120707410689420e+03
1.560480000000000018e+03
1.562732607142042525e+03
1.560480000000000018e+03
1.556993864021140553e+03
1.548519999999999982e+03
1.531281936773395273e+03
1.508440000000000055e+03
1.484143388885278000e+03
1.459559999999999718e+03
1.435024507685491926e+03
1.410519999999999982e+03
1.385958580372754113e+03
1.361319999999999936e+03
1.336611170823491193e+03
1.311879999999999882e+03
1.287166736333279687e+03
1.262440000000000055e+03
1.237681883843388732e+03
1.213000000000000000e+03
1.188425728293165093e+03
1.163559999999999945e+03
1.138380202983950767e+03
1.114799999999999727e+03
1.094393459771031530e+03
1.075440000000000055e+03
1.055940957931923322e+03
1.036079999999999927e+03
1.016402708501274901e+03
9.967199999999999136e+02
9.768482080629767097e+02
9.573600000000001273e+02
9.389194592468180645e+02
9.217999999999998408e+02
9.059989549497505550e+02
8.907999999999999545e+02
8.754547209541793791e+02
8.597999999999999545e+02
8.439821612335315422e+02
8.287999999999999545e+02
8.150616341116935928e+02
8.029599999999999227e+02
7.923513023196935592e+02
7.823600000000000136e+02
7.721431566095318431e+02
7.617200000000000273e+02
7.516560712421789958e+02
7.438399999999999181e+02
7.396475584217520236e+02
7.370800000000000409e+02
7.338986950708122095e+02
7.302799999999999727e+02
7.268376612949986111e+02
7.235199999999998681e+02
7.201956597491928278e+02
7.170799999999999272e+02
7.143696997082296321e+02
7.118399999999999181e+02
7.092355414178882711e+02
7.065999999999999091e+02
7.040031346202167697e+02
7.013200000000000500e+02
6.985119201012445274e+02
6.960799999999999272e+02
6.945191849748048298e+02
6.937599999999999909e+02
6.935663399995356713e+02
6.935999999999999091e+02
6.935704550270523896e+02
6.934800000000000182e+02
6.933918398922545521e+02
6.933200000000000500e+02
6.932621854039293794e+02
6.931999999999999318e+02
6.931194184920276484e+02
6.930399999999999636e+02
6.929801406279592584e+02
6.929199999999999591e+02
6.928400189961346314e+02
6.927599999999999909e+02
6.926997833875014976e+02
6.926399999999998727e+02
6.925608474538589689e+02
6.924799999999999045e+02
6.924168267970620718e+02
6.923600000000000136e+02
6.922918453578918161e+02
6.922000000000000455e+02
6.920807917713698316e+02
6.919600000000000364e+02
6.918599875566286528e+02
6.917599999999998772e+02
6.916392580021151844e+02
6.915199999999998681e+02
6.914229804349097321e+02
6.913199999999999363e+02
6.911888202582450731e+02
6.910800000000000409e+02
6.910217385321096799e+02
6.908799999999999955e+02
6.906042256133162027e+02
6.906399999999999864e+02
6.913713590146254546e+02
6.924400000000000546e+02
6.934153383281820879e+02
6.943200000000000500e+02
6.952572876726464983e+02
6.962000000000000455e+02
6.971105109812319824e+02
6.980399999999998499e+02
6.990206684024255992e+02
6.999199999999998454e+02
7.006918154090650432e+02
7.017999999999998408e+02
7.036420699613132683e+02
7.058399999999999181e+02
7.079399047456810194e+02
7.099600000000000364e+02
7.120083110559625084e+02
7.140799999999999272e+02
7.161468510304692927e+02
7.182000000000000455e+02
7.202442848221608074e+02
7.223199999999999363e+02
7.244360096808876506e+02
7.264400000000000546e+02
7.282016764542886449e+02
7.298400000000000318e+02
7.315022845019575470e+02
7.332000000000000455e+02
7.349091855378809441e+02
7.365999999999999091e+02
7.382609733465179715e+02
7.399600000000001501e+02
7.417569210760470924e+02
7.436000000000000227e+02
7.454263423492941456e+02
7.472400000000001228e+02
7.490577095267764207e+02
7.508799999999999955e+02
7.527028195436001852e+02
7.545199999999999818e+02
7.563310122988225430e+02
7.581599999999998545e+02
7.600181312611093745e+02
7.618399999999999181e+02
7.635414626567393270e+02
7.650399999999999636e+02
7.662960181119325398e+02
7.674400000000000546e+02
7.686094648955302091e+02
7.697999999999999545e+02
7.709811223059463146e+02
7.721599999999998545e+02
7.733510458806833867e+02
7.745599999999999454e+02
7.757746941713191973e+02
7.769199999999998454e+02
7.778751774340390739e+02
7.783999999999998636e+02
7.783445960925237159e+02
7.780399999999999636e+02
7.778414381958654076e+02
7.777199999999997999e+02
7.775696511240138307e+02
7.773599999999999000e+02
7.771199573080784830e+02
7.770399999999999636e+02
7.771455196436718325e+02
7.766399999999998727e+02
7.748429641172340325e+02
7.723600000000001273e+02
7.699976238873920238e+02
7.680800000000000409e+02
7.664915403331978041e+02
7.638399999999999181e+02
7.588862147798165552e+02
7.522799999999999727e+02
7.450136005475353613e+02
7.375599999999999454e+02
7.301893830300414265e+02
7.228799999999998818e+02
7.155488673322983004e+02
7.081599999999998545e+02
7.007301476407641303e+02
6.934400000000000546e+02
6.863305421046446781e+02
6.787200000000000273e+02
6.699926839406572299e+02
6.605199999999999818e+02
6.508287221327266252e+02
6.410800000000000409e+02
6.313374275284364785e+02
6.216399999999998727e+02
6.119865677535270834e+02
6.022400000000000091e+02
5.924313014574545377e+02
5.833999999999999773e+02
5.758232264166543928e+02
5.689199999999998454e+02
5.617857928759268589e+02
5.544800000000000182e+02
5.472386020796371895e+02
5.400399999999999636e+02
5.328147988055237647e+02
5.255599999999999454e+02
5.183022026982671377e+02
5.111200000000000045e+02
5.038563904014074524e+02
4.953600000000000136e+02
4.847622356961030050e+02
4.733199999999999363e+02
4.623546668141801774e+02
4.513199999999999363e+02
4.397440970471757282e+02
4.293199999999999363e+02
4.215839449971164754e+02
4.152799999999999727e+02
4.088451229643579268e+02
4.022799999999999727e+02
3.958465631454514551e+02
3.892879999999999541e+02
3.823046244538360270e+02
3.749439999999999600e+02
3.673439390392041446e+02
3.596560000000000059e+02
3.520021193893471718e+02
3.443719999999999573e+02
3.367315834034069439e+02
3.290840000000000600e+02
3.214390469970250024e+02
3.137959999999999923e+02
3.061522286084930329e+02
2.985079999999999245e+02
2.908640385690027301e+02
2.832200000000000273e+02
2.755756171154959588e+02
2.679319999999999595e+02
2.602899929690132694e+02
2.526479999999999961e+02
2.450044110084508873e+02
2.373599999999999852e+02
2.297158629971830237e+02
2.220720000000000027e+02
2.144281370028169817e+02
2.067839999999999918e+02
