2.662320000000000000e+05
2.750189236315301387e+05
2.842240000000000000e+05
2.948835748847210780e+05
3.087159999999999418e+05
3.277042768295853166e+05
3.542079999999999418e+05
3.885238177969371900e+05
4.223199999999999418e+05
4.476629519826655742e+05
4.668400000000000000e+05
4.839603742724003969e+05
5.002000000000000000e+05
5.150605509277325473e+05
5.242799999999999418e+05
5.247674220166689483e+05
5.218799999999999418e+05
5.205447610055914847e+05
5.155200000000000000e+05
5.011585339609648217e+05
4.803600000000000000e+05
4.571961031505489955e+05
4.318800000000000000e+05
4.042165534368389053e+05
3.762360000000000000e+05
3.500701831020949176e+05
3.260320000000000000e+05
3.038972141547812498e+05
2.831120000000000000e+05
2.634184602787799085e+05
2.460719999999999418e+05
2.313519447300987958e+05
2.141199999999999709e+05
1.902812608008245006e+05
1.653320000000000000e+05
1.458090120666029688e+05
1.328199999999999709e+05
1.253271909327635221e+05
1.191400000000000000e+05
1.107562242023429135e+05
1.025800000000000000e+05
9.729291225786479481e+04
9.277999999999998545e+04
8.680512676619779086e+04
8.144399999999998545e+04
7.874358067734391079e+04
7.632400000000000000e+04
7.178155052442649321e+04
6.704400000000000000e+04
6.434571722495013091e+04
6.281599999999998545e+04
6.108158057577295403e+04
5.886399999999999272e+04
5.623246047195800929e+04
5.355199999999999272e+04
5.122357753639496514e+04
4.949599999999999272e+04
4.843122938246207195e+04
4.749600000000000000e+04
4.615750493375668884e+04
4.448000000000000000e+04
4.272175088251113630e+04
4.131999999999999272e+04
4.054339153619876743e+04
3.980719999999999709e+04
3.853953297269377799e+04
3.707319999999998981e+04
3.585347657302607695e+04
3.487080000000000291e+04
3.401261073520185892e+04
3.320919999999999709e+04
3.241273048616644519e+04
3.162000000000000000e+04
3.084346732013232759e+04
3.011359999999999491e+04
2.945500023330422118e+04
2.885079999999999563e+04
2.827643174665075276e+04
2.771799999999999636e+04
2.716742278009275105e+04
2.662919999999999709e+04
2.612112713297822847e+04
2.570159999999999491e+04
2.541141868799431541e+04
2.518039999999999418e+04
2.493129811504448298e+04
2.466959999999999854e+04
2.441668885182772647e+04
2.417479999999999563e+04
2.393769647764459296e+04
2.368440000000000146e+04
2.339727523759390533e+04
2.308679999999999563e+04
2.276945257197978572e+04
2.245759999999999854e+04
2.215691447448693361e+04
2.185040000000000146e+04
2.153173953007246382e+04
2.125999999999999636e+04
2.108232740522320455e+04
2.093279999999999563e+04
2.074910084903470852e+04
2.059640000000000146e+04
2.052746919863795483e+04
2.041800000000000364e+04
2.016727235641346124e+04
1.994600000000000000e+04
1.992399137570819948e+04
1.999600000000000000e+04
2.002666214075372773e+04
2.003520000000000073e+04
2.007111006127686051e+04
2.015040000000000146e+04
2.027564761413880842e+04
2.042920000000000073e+04
2.062224948216789562e+04
2.100159999999999491e+04
2.168140445718958654e+04
2.250959999999999491e+04
2.332578268907373058e+04
2.420239999999999782e+04
2.524396478651548023e+04
2.645039999999999782e+04
2.779750816486433177e+04
2.926920000000000073e+04
3.084720255402718249e+04
3.249639999999999782e+04
3.419483161902693246e+04
3.599000000000000000e+04
3.792512096986507095e+04
3.995680000000000291e+04
4.199828450151276775e+04
4.387600000000000000e+04
4.546529102408381732e+04
4.692399999999999272e+04
4.840415140215191786e+04
4.975200000000000000e+04
5.081010336730848940e+04
5.171200000000000000e+04
5.258443512861407362e+04
5.323600000000000000e+04
5.345815611823517975e+04
5.329200000000000000e+04
5.282694039844519284e+04
5.209599999999998545e+04
5.111258228798404161e+04
4.986800000000000000e+04
4.836323044961859705e+04
4.666000000000000000e+04
4.484149591354154836e+04
4.301600000000000000e+04
4.128218589621521096e+04
3.967519999999999709e+04
3.820136050159756269e+04
3.681519999999999709e+04
3.550887209739446553e+04
3.447680000000000291e+04
3.386905110882454028e+04
3.345599999999999272e+04
3.300027346730736463e+04
3.261319999999999709e+04
3.246590502194598594e+04
3.261999999999999636e+04
3.310300644490867853e+04
3.391559999999999854e+04
3.505046919841928320e+04
3.649519999999998981e+04
3.822516676141414791e+04
4.017200000000000000e+04
4.226851375592406839e+04
4.449600000000000000e+04
4.682967821488955087e+04
4.917200000000000000e+04
5.139327338451772812e+04
5.330800000000000000e+04
5.473172824703952210e+04
5.554000000000000000e+04
5.560531362732416164e+04
5.472800000000000728e+04
5.279401724366380950e+04
5.010400000000000000e+04
4.696611739802058582e+04
4.330400000000000000e+04
3.906046316425383702e+04
3.463959999999999127e+04
3.046792994496404935e+04
2.660040000000000146e+04
2.301621705588993791e+04
1.976320000000000073e+04
1.689260183147618591e+04
1.440079999999999927e+04
1.226847561820531155e+04
1.046839999999999964e+04
8.962695695702555895e+03
7.678799999999999272e+03
6.564491598984457596e+03
5.683600000000000364e+03
5.067837908359613721e+03
4.504399999999999636e+03
3.814506767577084247e+03
3.200000000000000000e+03
2.867735021332047381e+03
2.664000000000000000e+03
2.402603147094725045e+03
2.128000000000000000e+03
1.922502390289050027e+03
1.789199999999999818e+03
1.708287291749073347e+03
1.647599999999999909e+03
1.579398442714654948e+03
1.506000000000000000e+03
1.434918937392306589e+03
1.364400000000000091e+03
1.292125807716119425e+03
1.222799999999999955e+03
1.161777831743215302e+03
1.110000000000000000e+03
1.066362865311019505e+03
1.026000000000000000e+03
9.843707070127063616e+02
9.419999999999997726e+02
9.001543066381543667e+02
8.580000000000000000e+02
8.150120664346758304e+02
7.740000000000000000e+02
7.379974276231426984e+02
7.076000000000001364e+02
6.821982230727535352e+02
6.587999999999998408e+02
6.346096800858430242e+02
6.100000000000000000e+02
5.857630565838736629e+02
5.612000000000000455e+02
5.359380935786616647e+02
5.123999999999998636e+02
4.931845691014792692e+02
4.787999999999999545e+02
4.687236300154208379e+02
4.603999999999999204e+02
4.514209108368371517e+02
4.420000000000000000e+02
4.327927266372304302e+02
4.235999999999999659e+02
4.142081826142410819e+02
4.051999999999999886e+02
3.972245429058050377e+02
3.903999999999999773e+02
3.845936457625386424e+02
3.791999999999999886e+02
3.736508740440402789e+02
3.679999999999999432e+02
3.624028580612999804e+02
3.568000000000000114e+02
3.511376937107597769e+02
3.456000000000000227e+02
3.403463670956608667e+02
3.351999999999999886e+02
3.300768379065965519e+02
3.256000000000000796e+02
3.222962812779528008e+02
3.196000000000000227e+02
3.168380369815921540e+02
3.140000000000000568e+02
3.112015707956783217e+02
3.083999999999999204e+02
3.055556798356942636e+02
3.027999999999999545e+02
3.002757098615441009e+02
2.979999999999999432e+02
2.959414807181290712e+02
2.939999999999999432e+02
2.920583672659393528e+02
2.900000000000000000e+02
2.877750502181131083e+02
2.856000000000000227e+02
2.836914318616081232e+02
2.819999999999999432e+02
2.804592223354543989e+02
2.791999999999999318e+02
2.783216787965740764e+02
2.776000000000000227e+02
2.768040624782493069e+02
2.760000000000000000e+02
2.752620712904287643e+02
2.743999999999999773e+02
2.733476523600353403e+02
2.728000000000000114e+02
2.733473192694295903e+02
2.743999999999999773e+02
2.752630705622460709e+02
2.759999999999999432e+02
2.768003984815860008e+02
2.775999999999999659e+02
2.783353355114098235e+02
2.791999999999999318e+02
2.804082594727744322e+02
2.819999999999999432e+02
2.839316265974919702e+02
2.860000000000000000e+02
2.880152341372573801e+02
2.900000000000000000e+02
2.920074368534783957e+02
2.940000000000000000e+02
2.959550184488288664e+02
2.980000000000000000e+02
3.002724893512058770e+02
3.027999999999999545e+02
3.055550241463474208e+02
3.083999999999999773e+02
3.112074140634043715e+02
3.140000000000000000e+02
3.168153196000350817e+02
3.196000000000000227e+02
3.223313075364551992e+02
3.251999999999999318e+02
3.284094502541439624e+02
3.319999999999999432e+02
3.359308914469685874e+02
3.399999999999999432e+02
3.440169839579814379e+02
3.480000000000000000e+02
3.520011727211055472e+02
3.560000000000000000e+02
3.599783251575963163e+02
3.640000000000000000e+02
3.681355266485091988e+02
3.723999999999999773e+02
3.767795682483666155e+02
3.811999999999999886e+02
3.855962003580240776e+02
3.900000000000000000e+02
3.944356303195369264e+02
3.987999999999999545e+02
4.030612783638281371e+02
4.075999999999999659e+02
4.128192562251502977e+02
4.187999999999999545e+02
4.254616967355703991e+02
4.323999999999999773e+02
4.392339568325677988e+02
4.459999999999999432e+02
4.528024759341580534e+02
4.595999999999999091e+02
4.663561394307997148e+02
4.731999999999999318e+02
4.802729663426428601e+02
4.875999999999999659e+02
4.951519951986286401e+02
5.027999999999999545e+02
5.104190528628423635e+02
5.179999999999998863e+02
5.255717933500017125e+02
5.332000000000000455e+02
5.408937737371506955e+02
5.483999999999999773e+02
5.554531117013950734e+02
5.619999999999998863e+02
5.680937794572682833e+02
5.740000000000000000e+02
5.799717704695311795e+02
5.860000000000000000e+02
5.920191386646067713e+02
5.980000000000000000e+02
6.039516748720415080e+02
6.100000000000000000e+02
6.162741618472269920e+02
6.227999999999998408e+02
6.295516777390500920e+02
6.363999999999998636e+02
6.432191271965721171e+02
6.500000000000000000e+02
6.567718134746612577e+02
6.636000000000001364e+02
6.704936189047832613e+02
6.772000000000000455e+02
6.834537109062058562e+02
6.892000000000000455e+02
6.944915374703930411e+02
6.995999999999999091e+02
7.047801392122214565e+02
7.100000000000000000e+02
7.151879056807206325e+02
7.203999999999998636e+02
7.256682380648953767e+02
7.307999999999999545e+02
7.355891420596966555e+02
7.400000000000000000e+02
7.440751936963171147e+02
7.480000000000000000e+02
7.519600831550344537e+02
7.560000000000000000e+02
7.600844736835450703e+02
7.640000000000000000e+02
7.677020221107848101e+02
7.719999999999998863e+02
7.779074378733149615e+02
7.863999999999998636e+02
7.974682263959543889e+02
8.072000000000000455e+02
8.123196565428668237e+02
8.160000000000000000e+02
8.217531474325779755e+02
8.280000000000000000e+02
8.325677537268209107e+02
8.360000000000000000e+02
8.394758376601382679e+02
8.440000000000000000e+02
8.500288956326253356e+02
8.560000000000000000e+02
8.604085798093599351e+02
8.640000000000000000e+02
8.678367851299348104e+02
8.720000000000000000e+02
8.762442796709007098e+02
8.799999999999998863e+02
8.830860961864618730e+02
8.871999999999999318e+02
8.938113355832510933e+02
9.016000000000001364e+02
9.089685614805332534e+02
9.159999999999998863e+02
9.231144184946156201e+02
9.303999999999998636e+02
9.377737645410037430e+02
9.447999999999999545e+02
9.510405233413684982e+02
9.563999999999998636e+02
9.609641420935211045e+02
9.652000000000000455e+02
9.695529082845467883e+02
9.739999999999997726e+02
9.784242247682907418e+02
9.827999999999998408e+02
9.871501926422887436e+02
9.916000000000000227e+02
9.962750046625531013e+02
1.001199999999999932e+03
1.006349788707498533e+03
1.011600000000000023e+03
1.016825840507452199e+03
1.022000000000000000e+03
1.027146849262692058e+03
1.032400000000000091e+03
1.037786762441778819e+03
1.042799999999999955e+03
1.046906100970192028e+03
1.050000000000000000e+03
1.052188833677452294e+03
1.054000000000000000e+03
1.055938564319998250e+03
1.058000000000000000e+03
1.060056909042554707e+03
1.062000000000000000e+03
1.063833799509782239e+03
1.066000000000000000e+03
1.068957892918315792e+03
1.072799999999999955e+03
1.077434628816954273e+03
1.082400000000000091e+03
1.087253591813867160e+03
1.092000000000000000e+03
1.096751003927576676e+03
1.101599999999999909e+03
1.106542392475824499e+03
1.111200000000000045e+03
1.115179426169125009e+03
1.118399999999999864e+03
1.120939902847675512e+03
1.123200000000000045e+03
1.125560962440173171e+03
1.128000000000000000e+03
1.130416247391630577e+03
1.132799999999999955e+03
1.135174047993303475e+03
1.137599999999999909e+03
1.140137560635154159e+03
1.142799999999999955e+03
1.145575709466078933e+03
1.148400000000000091e+03
1.151209601500529971e+03
1.154000000000000000e+03
1.156785884531800775e+03
1.159599999999999909e+03
1.162446860372265746e+03
1.165200000000000045e+03
1.167726673979135967e+03
1.170000000000000000e+03
1.172046443711190705e+03
1.173999999999999773e+03
1.175987551176100396e+03
1.178000000000000000e+03
1.180003351584406118e+03
1.182000000000000000e+03
1.183999042486273538e+03
1.186000000000000000e+03
1.188000478470499729e+03
1.190000000000000000e+03
1.191999043631727545e+03
1.194000000000000000e+03
1.196003347002590317e+03
1.198000000000000000e+03
1.199987568357911186e+03
1.201999999999999773e+03
1.204046379565763800e+03
1.206000000000000000e+03
1.207726913379032112e+03
1.209200000000000045e+03
1.210445966918106933e+03
1.211599999999999682e+03
1.212789218948539428e+03
1.214000000000000000e+03
1.215197157287734171e+03
1.216400000000000091e+03
1.217622151900523022e+03
1.218799999999999955e+03
1.219864235110173695e+03
1.220799999999999727e+03
1.221620907658782471e+03
1.222399999999999864e+03
1.223202134254696603e+03
1.224000000000000000e+03
1.224770555322430937e+03
1.225599999999999682e+03
1.226515644455578922e+03
1.227200000000000045e+03
1.227316866855252329e+03
1.226799999999999955e+03
1.225716888123411763e+03
1.224400000000000091e+03
1.223165580651100299e+03
1.222000000000000000e+03
1.220820789272186857e+03
1.219599999999999909e+03
1.218351262260151316e+03
1.217200000000000045e+03
1.216274161687207879e+03
1.215599999999999909e+03
1.215152090991017076e+03
1.214799999999999955e+03
1.214417474348722635e+03
1.214000000000000000e+03
1.213578011614091110e+03
1.213200000000000045e+03
1.212870479194912377e+03
1.212400000000000091e+03
1.211590071606258789e+03
1.210400000000000091e+03
1.208869234380052376e+03
1.207200000000000045e+03
1.205582990873531571e+03
1.203999999999999773e+03
1.202398802125820566e+03
1.200799999999999727e+03
1.199221800623184436e+03
1.197599999999999909e+03
1.195863995381440873e+03
1.193999999999999773e+03
1.192022217851050300e+03
1.189999999999999773e+03
1.187997133214356836e+03
1.186000000000000000e+03
1.183989249291521674e+03
1.182000000000000000e+03
1.180045869619556697e+03
1.178000000000000000e+03
1.175727272230251629e+03
1.173200000000000045e+03
1.170445041459436197e+03
1.167599999999999909e+03
1.164792561932001945e+03
1.162000000000000000e+03
1.159184710812554613e+03
1.156400000000000091e+03
1.153668594817778740e+03
1.150799999999999955e+03
1.147590909916330020e+03
1.144000000000000000e+03
1.140067765516899499e+03
1.136000000000000000e+03
1.131988028016070075e+03
1.128000000000000000e+03
1.123980122418819292e+03
1.120000000000000000e+03
1.116091482308652985e+03
1.111999999999999773e+03
1.107453948346568723e+03
1.102400000000000091e+03
1.096892724305072534e+03
1.091199999999999818e+03
1.085575154433141506e+03
1.079999999999999773e+03
1.074406657962360669e+03
1.068799999999999955e+03
1.063198213717415229e+03
1.057599999999999909e+03
1.052000487167977553e+03
1.046399999999999864e+03
1.040799837610674331e+03
1.035200000000000045e+03
1.029600162389325988e+03
1.024000000000000000e+03
