2.662320000000000000e+05
2.750189236315301387e+05
2.842240000000000000e+05
2.948835748847210780e+05
3.087160000000000000e+05
3.277042768295854330e+05
3.542080000000000000e+05
3.885238177969372482e+05
4.223200000000000000e+05
4.476629519826655742e+05
4.668400000000000000e+05
4.839603742724003969e+05
5.002000000000000000e+05
5.150605509277326055e+05
5.242800000000000000e+05
5.247674220166689483e+05
5.218800000000000582e+05
5.205447610055915429e+05
5.155200000000000000e+05
5.011585339609649382e+05
4.803600000000001164e+05
4.571961031505491119e+05
4.318800000000000582e+05
4.042165534368390800e+05
3.762360000000000582e+05
3.500701831020949176e+05
3.260320000000000582e+05
3.038972141547813080e+05
2.831120000000000000e+05
2.634184602787799668e+05
2.460720000000000291e+05
2.313519447300988832e+05
2.141200000000000582e+05
1.902812608008245588e+05
1.653320000000000291e+05
1.458090120666030271e+05
1.328200000000000000e+05
1.253271909327635221e+05
1.191400000000000000e+05
1.107562242023429135e+05
1.025800000000000146e+05
9.729291225786482391e+04
9.278000000000001455e+04
8.680512676619780541e+04
8.144400000000000000e+04
7.874358067734393990e+04
7.632400000000001455e+04
7.178155052442650776e+04
6.704400000000000000e+04
6.434571722495013819e+04
6.281600000000000728e+04
6.108158057577296859e+04
5.886400000000000000e+04
5.623246047195801657e+04
5.355200000000000728e+04
5.122357753639497969e+04
4.949600000000000000e+04
4.843122938246207923e+04
4.749600000000001455e+04
4.615750493375669612e+04
4.448000000000000000e+04
4.272175088251113630e+04
4.132000000000000000e+04
4.054339153619877470e+04
3.980720000000000437e+04
3.853953297269378527e+04
3.707320000000000437e+04
3.585347657302609150e+04
3.487080000000001019e+04
3.401261073520186619e+04
3.320919999999999709e+04
3.241273048616644883e+04
3.162000000000000000e+04
3.084346732013232759e+04
3.011359999999999854e+04
2.945500023330422846e+04
2.885080000000000291e+04
2.827643174665076003e+04
2.771800000000000364e+04
2.716742278009275833e+04
2.662920000000000437e+04
2.612112713297823575e+04
2.570160000000000218e+04
2.541141868799432268e+04
2.518040000000000146e+04
2.493129811504448662e+04
2.466960000000000218e+04
2.441668885182773010e+04
2.417479999999999927e+04
2.393769647764459296e+04
2.368440000000000509e+04
2.339727523759390897e+04
2.308679999999999927e+04
2.276945257197978935e+04
2.245759999999999854e+04
2.215691447448693725e+04
2.185040000000000509e+04
2.153173953007247110e+04
2.126000000000000364e+04
2.108232740522320819e+04
2.093280000000000291e+04
2.074910084903471216e+04
2.059640000000000509e+04
2.052746919863796211e+04
2.041800000000000000e+04
2.016727235641346124e+04
1.994600000000000000e+04
1.992399137570820676e+04
1.999600000000000000e+04
2.002666214075373500e+04
2.003520000000000437e+04
2.007111006127686778e+04
2.015040000000000146e+04
2.027564761413880842e+04
2.042920000000000073e+04
2.062224948216789926e+04
2.100159999999999854e+04
2.168140445718959381e+04
2.250959999999999854e+04
2.332578268907373058e+04
2.420240000000000146e+04
2.524396478651548750e+04
2.645040000000000509e+04
2.779750816486433905e+04
2.926920000000000437e+04
3.084720255402718612e+04
3.249640000000000146e+04
3.419483161902693973e+04
3.599000000000000000e+04
3.792512096986507822e+04
3.995680000000001019e+04
4.199828450151278230e+04
4.387600000000000000e+04
4.546529102408381732e+04
4.692400000000000000e+04
4.840415140215191786e+04
4.975200000000000728e+04
5.081010336730851122e+04
5.171200000000000728e+04
5.258443512861408090e+04
5.323600000000001455e+04
5.345815611823518702e+04
5.329200000000000728e+04
5.282694039844520739e+04
5.209600000000000728e+04
5.111258228798405617e+04
4.986800000000000000e+04
4.836323044961859705e+04
4.666000000000000000e+04
4.484149591354154836e+04
4.301600000000000728e+04
4.128218589621522551e+04
3.967520000000000437e+04
3.820136050159757724e+04
3.681520000000000437e+04
3.550887209739447280e+04
3.447679999999999563e+04
3.386905110882454028e+04
3.345600000000000000e+04
3.300027346730737190e+04
3.261320000000000437e+04
3.246590502194598957e+04
3.262000000000000000e+04
3.310300644490868581e+04
3.391560000000000582e+04
3.505046919841929048e+04
3.649519999999999709e+04
3.822516676141416247e+04
4.017200000000000728e+04
4.226851375592408294e+04
4.449600000000000728e+04
4.682967821488956542e+04
4.917200000000000728e+04
5.139327338451773539e+04
5.330800000000000000e+04
5.473172824703952210e+04
5.554000000000000000e+04
5.560531362732416892e+04
5.472800000000000728e+04
5.279401724366381677e+04
5.010400000000000728e+04
4.696611739802059310e+04
4.330400000000000728e+04
3.906046316425384430e+04
3.463959999999999854e+04
3.046792994496405663e+04
2.660040000000000146e+04
2.301621705588994155e+04
1.976320000000000073e+04
1.689260183147618955e+04
1.440079999999999927e+04
1.226847561820531337e+04
1.046839999999999964e+04
8.962695695702555895e+03
7.678800000000000182e+03
6.564491598984458506e+03
5.683600000000001273e+03
5.067837908359614630e+03
4.504400000000000546e+03
3.814506767577085157e+03
3.200000000000000455e+03
2.867735021332047381e+03
2.664000000000000455e+03
2.402603147094725500e+03
2.128000000000000000e+03
1.922502390289050254e+03
1.789200000000000273e+03
1.708287291749074029e+03
1.647599999999999909e+03
1.579398442714655175e+03
1.506000000000000227e+03
1.434918937392306816e+03
1.364400000000000091e+03
1.292125807716119652e+03
1.222800000000000182e+03
1.161777831743215302e+03
1.110000000000000000e+03
1.066362865311019732e+03
1.026000000000000000e+03
9.843707070127064753e+02
9.420000000000001137e+02
9.001543066381543667e+02
8.580000000000001137e+02
8.150120664346758304e+02
7.740000000000000000e+02
7.379974276231425847e+02
7.076000000000001364e+02
6.821982230727535352e+02
6.587999999999999545e+02
6.346096800858432516e+02
6.100000000000000000e+02
5.857630565838737766e+02
5.612000000000000455e+02
5.359380935786617783e+02
5.124000000000000909e+02
4.931845691014793829e+02
4.788000000000000682e+02
4.687236300154208948e+02
4.603999999999999773e+02
4.514209108368371517e+02
4.420000000000000000e+02
4.327927266372304871e+02
4.236000000000000227e+02
4.142081826142411387e+02
4.051999999999999886e+02
3.972245429058050945e+02
3.904000000000000341e+02
3.845936457625386993e+02
3.791999999999999886e+02
3.736508740440403926e+02
3.680000000000000568e+02
3.624028580613000372e+02
3.568000000000000682e+02
3.511376937107597769e+02
3.456000000000000227e+02
3.403463670956609235e+02
3.351999999999999886e+02
3.300768379065966087e+02
3.256000000000000796e+02
3.222962812779528576e+02
3.196000000000000227e+02
3.168380369815922109e+02
3.140000000000000568e+02
3.112015707956783785e+02
3.083999999999999773e+02
3.055556798356943773e+02
3.028000000000000682e+02
3.002757098615441009e+02
2.980000000000000000e+02
2.959414807181290712e+02
2.940000000000000568e+02
2.920583672659394665e+02
2.900000000000000000e+02
2.877750502181131083e+02
2.856000000000000227e+02
2.836914318616081232e+02
2.820000000000000000e+02
2.804592223354544558e+02
2.791999999999999886e+02
2.783216787965740764e+02
2.776000000000000227e+02
2.768040624782493069e+02
2.760000000000000568e+02
2.752620712904288212e+02
2.743999999999999773e+02
2.733476523600353971e+02
2.728000000000000682e+02
2.733473192694295903e+02
2.743999999999999773e+02
2.752630705622460709e+02
2.760000000000000000e+02
2.768003984815860576e+02
2.776000000000000227e+02
2.783353355114098804e+02
2.792000000000000455e+02
2.804082594727745459e+02
2.820000000000000568e+02
2.839316265974920270e+02
2.860000000000000000e+02
2.880152341372573801e+02
2.900000000000000000e+02
2.920074368534785094e+02
2.940000000000000000e+02
2.959550184488288664e+02
2.980000000000000000e+02
3.002724893512059339e+02
3.028000000000000114e+02
3.055550241463474208e+02
3.084000000000000341e+02
3.112074140634044284e+02
3.140000000000000568e+02
3.168153196000351954e+02
3.196000000000000796e+02
3.223313075364551992e+02
3.251999999999999886e+02
3.284094502541440193e+02
3.320000000000000000e+02
3.359308914469687011e+02
3.400000000000000000e+02
3.440169839579814948e+02
3.480000000000001137e+02
3.520011727211056041e+02
3.560000000000000568e+02
3.599783251575963163e+02
3.640000000000000000e+02
3.681355266485092557e+02
3.724000000000000341e+02
3.767795682483666724e+02
3.812000000000000455e+02
3.855962003580241344e+02
3.900000000000000568e+02
3.944356303195369264e+02
3.988000000000000114e+02
4.030612783638281371e+02
4.076000000000000227e+02
4.128192562251503546e+02
4.187999999999999545e+02
4.254616967355704560e+02
4.324000000000000909e+02
4.392339568325678556e+02
4.460000000000000000e+02
4.528024759341581102e+02
4.596000000000000227e+02
4.663561394307998285e+02
4.732000000000000455e+02
4.802729663426429170e+02
4.876000000000000227e+02
4.951519951986286969e+02
5.028000000000000114e+02
5.104190528628424772e+02
5.180000000000000000e+02
5.255717933500017125e+02
5.332000000000001592e+02
5.408937737371508092e+02
5.484000000000000909e+02
5.554531117013951871e+02
5.620000000000001137e+02
5.680937794572685107e+02
5.740000000000001137e+02
5.799717704695312932e+02
5.860000000000000000e+02
5.920191386646067713e+02
5.980000000000000000e+02
6.039516748720416217e+02
6.100000000000001137e+02
6.162741618472271057e+02
6.228000000000000682e+02
6.295516777390503194e+02
6.364000000000000909e+02
6.432191271965722308e+02
6.500000000000001137e+02
6.567718134746612577e+02
6.636000000000001364e+02
6.704936189047833750e+02
6.772000000000001592e+02
6.834537109062059699e+02
6.892000000000001592e+02
6.944915374703931548e+02
6.996000000000001364e+02
7.047801392122214565e+02
7.100000000000001137e+02
7.151879056807208599e+02
7.204000000000000909e+02
7.256682380648956041e+02
7.307999999999999545e+02
7.355891420596967691e+02
7.400000000000001137e+02
7.440751936963172284e+02
7.480000000000001137e+02
7.519600831550345674e+02
7.560000000000001137e+02
7.600844736835452977e+02
7.640000000000001137e+02
7.677020221107849238e+02
7.720000000000000000e+02
7.779074378733150752e+02
7.864000000000000909e+02
7.974682263959546162e+02
8.072000000000001592e+02
8.123196565428669373e+02
8.160000000000000000e+02
8.217531474325779755e+02
8.280000000000000000e+02
8.325677537268209107e+02
8.360000000000001137e+02
8.394758376601383816e+02
8.440000000000000000e+02
8.500288956326253356e+02
8.560000000000000000e+02
8.604085798093599351e+02
8.640000000000001137e+02
8.678367851299350377e+02
8.720000000000002274e+02
8.762442796709009372e+02
8.800000000000001137e+02
8.830860961864621004e+02
8.872000000000000455e+02
8.938113355832513207e+02
9.016000000000001364e+02
9.089685614805332534e+02
9.160000000000000000e+02
9.231144184946158475e+02
9.304000000000000909e+02
9.377737645410039704e+02
9.448000000000001819e+02
9.510405233413687256e+02
9.564000000000000909e+02
9.609641420935213318e+02
9.652000000000001592e+02
9.695529082845470157e+02
9.740000000000000000e+02
9.784242247682909692e+02
9.828000000000000682e+02
9.871501926422889710e+02
9.916000000000000227e+02
9.962750046625531013e+02
1.001200000000000045e+03
1.006349788707498647e+03
1.011600000000000136e+03
1.016825840507452426e+03
1.022000000000000227e+03
1.027146849262692285e+03
1.032400000000000091e+03
1.037786762441779047e+03
1.042800000000000182e+03
1.046906100970192256e+03
1.050000000000000227e+03
1.052188833677452521e+03
1.054000000000000227e+03
1.055938564319998250e+03
1.058000000000000000e+03
1.060056909042554935e+03
1.062000000000000000e+03
1.063833799509782466e+03
1.066000000000000227e+03
1.068957892918315792e+03
1.072799999999999955e+03
1.077434628816954273e+03
1.082400000000000091e+03
1.087253591813867615e+03
1.092000000000000227e+03
1.096751003927577131e+03
1.101599999999999909e+03
1.106542392475824499e+03
1.111200000000000045e+03
1.115179426169125009e+03
1.118400000000000091e+03
1.120939902847675512e+03
1.123200000000000273e+03
1.125560962440173626e+03
1.128000000000000000e+03
1.130416247391630577e+03
1.132800000000000182e+03
1.135174047993303702e+03
1.137599999999999909e+03
1.140137560635154614e+03
1.142800000000000182e+03
1.145575709466079388e+03
1.148400000000000091e+03
1.151209601500529971e+03
1.154000000000000000e+03
1.156785884531801003e+03
1.159599999999999909e+03
1.162446860372265974e+03
1.165200000000000273e+03
1.167726673979135967e+03
1.170000000000000227e+03
1.172046443711190705e+03
1.174000000000000000e+03
1.175987551176100624e+03
1.178000000000000227e+03
1.180003351584406573e+03
1.182000000000000227e+03
1.183999042486273538e+03
1.186000000000000000e+03
1.188000478470499729e+03
1.190000000000000000e+03
1.191999043631727545e+03
1.194000000000000227e+03
1.196003347002590317e+03
1.198000000000000000e+03
1.199987568357911641e+03
1.202000000000000227e+03
1.204046379565764255e+03
1.206000000000000000e+03
1.207726913379032339e+03
1.209200000000000273e+03
1.210445966918106933e+03
1.211599999999999909e+03
1.212789218948539428e+03
1.214000000000000227e+03
1.215197157287734399e+03
1.216400000000000091e+03
1.217622151900523249e+03
1.218800000000000182e+03
1.219864235110173695e+03
1.220800000000000182e+03
1.221620907658782698e+03
1.222400000000000318e+03
1.223202134254696603e+03
1.224000000000000000e+03
1.224770555322430937e+03
1.225599999999999909e+03
1.226515644455579377e+03
1.227200000000000273e+03
1.227316866855252329e+03
1.226799999999999955e+03
1.225716888123411763e+03
1.224400000000000091e+03
1.223165580651100527e+03
1.222000000000000000e+03
1.220820789272187312e+03
1.219600000000000136e+03
1.218351262260151316e+03
1.217200000000000045e+03
1.216274161687208107e+03
1.215599999999999909e+03
1.215152090991017531e+03
1.214799999999999955e+03
1.214417474348723090e+03
1.214000000000000000e+03
1.213578011614091338e+03
1.213200000000000273e+03
1.212870479194912832e+03
1.212400000000000318e+03
1.211590071606259244e+03
1.210400000000000318e+03
1.208869234380052376e+03
1.207200000000000045e+03
1.205582990873531799e+03
1.204000000000000000e+03
1.202398802125821021e+03
1.200800000000000182e+03
1.199221800623184436e+03
1.197600000000000136e+03
1.195863995381441327e+03
1.194000000000000000e+03
1.192022217851050300e+03
1.190000000000000000e+03
1.187997133214357063e+03
1.186000000000000000e+03
1.183989249291521901e+03
1.182000000000000227e+03
1.180045869619556925e+03
1.178000000000000227e+03
1.175727272230252083e+03
1.173200000000000273e+03
1.170445041459436425e+03
1.167599999999999909e+03
1.164792561932002172e+03
1.162000000000000227e+03
1.159184710812554840e+03
1.156400000000000091e+03
1.153668594817778740e+03
1.150799999999999955e+03
1.147590909916330247e+03
1.144000000000000000e+03
1.140067765516899726e+03
1.136000000000000227e+03
1.131988028016070302e+03
1.128000000000000227e+03
1.123980122418819292e+03
1.120000000000000000e+03
1.116091482308652985e+03
1.112000000000000000e+03
1.107453948346568723e+03
1.102400000000000318e+03
1.096892724305072534e+03
1.091200000000000273e+03
1.085575154433141961e+03
1.080000000000000227e+03
1.074406657962360896e+03
1.068799999999999955e+03
1.063198213717415229e+03
1.057599999999999909e+03
1.052000487167977553e+03
1.046399999999999864e+03
1.040799837610674331e+03
1.035200000000000045e+03
1.029600162389325988e+03
1.024000000000000000e+03
