2.232960000000000000e+05
2.292202750056042569e+05
2.361880000000000582e+05
2.444803397476945538e+05
2.533680000000000000e+05
2.620623660036177607e+05
2.705480000000000582e+05
2.789716962378347525e+05
2.873560000000000000e+05
2.956903490450436366e+05
3.039560000000000582e+05
3.122754075819909340e+05
3.213440000000000582e+05
3.316895206269928021e+05
3.425960000000000582e+05
3.532695099100380903e+05
3.638480000000000582e+05
3.746369397328551277e+05
3.856800000000000582e+05
3.968452311585418065e+05
4.075600000000000000e+05
4.177631356329780538e+05
4.298800000000000582e+05
4.456022263095462695e+05
4.612000000000000000e+05
4.728579591288369847e+05
4.818400000000000582e+05
4.905459371751059080e+05
5.008400000000000582e+05
5.138882921707394999e+05
5.286000000000000000e+05
5.427908941419362091e+05
5.521600000000000000e+05
5.537581312615155475e+05
5.521600000000000000e+05
5.515515808120017173e+05
5.470400000000000000e+05
5.319505454904776998e+05
5.015600000000001164e+05
4.560512372260875418e+05
4.132800000000000582e+05
3.877945056051724823e+05
3.632400000000000000e+05
3.233012403532227618e+05
2.827240000000000582e+05
2.574600329819366161e+05
2.372240000000000000e+05
2.087791277190308028e+05
1.733200000000000000e+05
1.359894561419401725e+05
1.032920000000000000e+05
8.000554771320859436e+04
6.264000000000000000e+04
4.722910300522552279e+04
3.617000000000000728e+04
3.190564026588936031e+04
3.069879999999999927e+04
2.846193593121704544e+04
2.588640000000000509e+04
2.437391600924246450e+04
2.338880000000000291e+04
2.215735003181311549e+04
2.089120000000000437e+04
1.994508386350509682e+04
1.926079999999999927e+04
1.869071451416651689e+04
1.814240000000000509e+04
1.756585807982885308e+04
1.702559999999999854e+04
1.658100316651808316e+04
1.615639999999999964e+04
1.568992925409881718e+04
1.531000000000000182e+04
1.513442981708665684e+04
1.504840000000000146e+04
1.492140147755455473e+04
1.479279999999999927e+04
1.471931427269512278e+04
1.465720000000000073e+04
1.456989143166496979e+04
1.455000000000000364e+04
1.468107000064501517e+04
1.488120000000000073e+04
1.505422856575497644e+04
1.521240000000000146e+04
1.538281573633508015e+04
1.554360000000000218e+04
1.568540848890470625e+04
1.589800000000000182e+04
1.625720030804610724e+04
1.668400000000000000e+04
1.708569027891087899e+04
1.746959999999999854e+04
1.786083857631039064e+04
1.825559999999999854e+04
1.864655541584756429e+04
1.904120000000000437e+04
1.945133976029936821e+04
1.989120000000000437e+04
2.036843554295497961e+04
2.086200000000000000e+04
2.134961806788072863e+04
2.183280000000000291e+04
2.231749218552211460e+04
2.280360000000000582e+04
2.328961319003083190e+04
2.377440000000000509e+04
2.425805505435459054e+04
2.474520000000000437e+04
2.524416659255083505e+04
2.577359999999999854e+04
2.634572857544207727e+04
2.693679999999999563e+04
2.752096910568084786e+04
2.810000000000000728e+04
2.868079500183453638e+04
2.926320000000000437e+04
2.984545088698103064e+04
3.042640000000000146e+04
3.100620145024135854e+04
3.158960000000000218e+04
3.219004331205353446e+04
3.285119999999999709e+04
3.360392530154451379e+04
3.439760000000000582e+04
3.517625548176842130e+04
3.594400000000000000e+04
3.671580277138183010e+04
3.749000000000000000e+04
3.826253343270426558e+04
3.903640000000000146e+04
3.981346349780111632e+04
4.058400000000000000e+04
4.133951257609126333e+04
4.208800000000000000e+04
4.283903619783382601e+04
4.359200000000000000e+04
4.434384263257343991e+04
4.509200000000000000e+04
4.583709327187242889e+04
4.659200000000000000e+04
4.736678427993686637e+04
4.814800000000000728e+04
4.892326960838012019e+04
4.970800000000000000e+04
5.050863728654268925e+04
5.126800000000000000e+04
5.192868124544915190e+04
5.249600000000000000e+04
5.298813773166070314e+04
5.341200000000000000e+04
5.377276782790801371e+04
5.408000000000000000e+04
5.433729095670721290e+04
5.452000000000001455e+04
5.459706834526314196e+04
5.454000000000000728e+04
5.435243566224024107e+04
5.416400000000000000e+04
5.405568900577592285e+04
5.378800000000000000e+04
5.313880831465606025e+04
5.227600000000000000e+04
5.141507773559986526e+04
5.057200000000000728e+04
4.971588074294451508e+04
4.882800000000000728e+04
4.789939929262209625e+04
4.694800000000000728e+04
4.599802208656714356e+04
4.507200000000000000e+04
4.418701236110935861e+04
4.334000000000000000e+04
4.252142846899540746e+04
4.171600000000000728e+04
4.090877376290898246e+04
4.009200000000000728e+04
3.926742647936864523e+04
3.846760000000000582e+04
3.772237031961643515e+04
3.702000000000000000e+04
3.634099224216560833e+04
3.567640000000000873e+04
3.501586071172112861e+04
3.433280000000001019e+04
3.360596491094991507e+04
3.285159999999999854e+04
3.205937964447920240e+04
3.107520000000000437e+04
2.977821651113326880e+04
2.832440000000000509e+04
2.689180431098773988e+04
2.547000000000000000e+04
2.401971624491578041e+04
2.257479999999999563e+04
2.117368070934913703e+04
1.980000000000000364e+04
1.842916091768765182e+04
1.705840000000000509e+04
1.573407561990024988e+04
1.467720000000000073e+04
1.405218660271136105e+04
1.362240000000000146e+04
1.312177796925431903e+04
1.256760000000000036e+04
1.203075152027137119e+04
1.151320000000000255e+04
1.100001594966020093e+04
1.047760000000000218e+04
9.944134681087831268e+03
9.443600000000002183e+03
9.009945325988488548e+03
8.591200000000000728e+03
8.146084014958231819e+03
7.762000000000000000e+03
7.519718614178590542e+03
7.344800000000001091e+03
7.146891528327404558e+03
6.927200000000000728e+03
6.708665272511791045e+03
6.509600000000001273e+03
6.341497381625437811e+03
6.193199999999999818e+03
6.050145200986462442e+03
5.906800000000001091e+03
5.761621814428714060e+03
5.620000000000000000e+03
5.487917541298685137e+03
5.366800000000001091e+03
5.255708020376546301e+03
5.148800000000001091e+03
5.040450377195128567e+03
4.930800000000001091e+03
4.823540470842941431e+03
4.730800000000001091e+03
4.661387739433106617e+03
4.602400000000000546e+03
4.539408571424632100e+03
4.473600000000001273e+03
4.408977974868366800e+03
4.345200000000000728e+03
4.281129529101904154e+03
4.216800000000001091e+03
4.152503908724021130e+03
4.088400000000000546e+03
4.025089836002015545e+03
3.965079999999999927e+03
3.910191747267918799e+03
3.857599999999999454e+03
3.804163174926308329e+03
3.750119999999999436e+03
3.696315553026846828e+03
3.642639999999999873e+03
3.588854612966304103e+03
3.535159999999999854e+03
3.481665995107935487e+03
3.427679999999999836e+03
3.373001406601952112e+03
3.320199999999999818e+03
3.271698378484255954e+03
3.226560000000000400e+03
3.183135079461024816e+03
3.140280000000000655e+03
3.097196303671648366e+03
3.053960000000000491e+03
3.010799705852384704e+03
2.967680000000000291e+03
2.924529872918813453e+03
2.881400000000000546e+03
2.838320802472362629e+03
2.795120000000000346e+03
2.751746917191736429e+03
2.708840000000000146e+03
2.667206528760692891e+03
2.627640000000000327e+03
2.590496967765494446e+03
2.554400000000000546e+03
2.517920600177332744e+03
2.481160000000000309e+03
2.444500631525177141e+03
2.407920000000000073e+03
2.371316873721959382e+03
2.334680000000000291e+03
2.298036873586985621e+03
2.261480000000000018e+03
2.225015631930098152e+03
2.188239999999999782e+03
2.151055598692621061e+03
2.115000000000000000e+03
2.081756973299417496e+03
2.051960000000000036e+03
2.025516508109710458e+03
2.000480000000000018e+03
1.974946994261741793e+03
1.949040000000000191e+03
1.923255514843323908e+03
1.897559999999999945e+03
1.871825946364964466e+03
1.846079999999999927e+03
1.820320699696819020e+03
1.794280000000000427e+03
1.767746254847760611e+03
1.741000000000000000e+03
1.714354280912139757e+03
1.687760000000000218e+03
1.661116621503682154e+03
1.634480000000000018e+03
1.608184233073132418e+03
1.583520000000000209e+03
1.561426446203788601e+03
1.540479999999999791e+03
1.519094982111713534e+03
1.497400000000000546e+03
1.475833625349358272e+03
1.454360000000000127e+03
1.432855516490854825e+03
1.411320000000000164e+03
1.389784308687223074e+03
1.368279999999999973e+03
1.346887248760253897e+03
1.325880000000000337e+03
1.305436696271762457e+03
1.285160000000000309e+03
1.264695966152698020e+03
1.244440000000000282e+03
1.224574439117446900e+03
1.203680000000000291e+03
1.180096277377515889e+03
1.152800000000000182e+03
1.123250451372490943e+03
1.102200000000000273e+03
1.098261917132520693e+03
1.102200000000000273e+03
1.103226880097426829e+03
1.102200000000000045e+03
1.101975562477772655e+03
1.101760000000000218e+03
1.100590869991483487e+03
1.100480000000000018e+03
1.104360957556293897e+03
1.115880000000000109e+03
1.136925299783341188e+03
1.161640000000000100e+03
1.184292843310341823e+03
1.207400000000000091e+03
1.234633326975292448e+03
1.266039999999999964e+03
1.300173848788489749e+03
1.333240000000000236e+03
1.364181277870749682e+03
1.405240000000000236e+03
1.463901039728512842e+03
1.515319999999999936e+03
1.536199563215199305e+03
1.541760000000000218e+03
1.551120707410689420e+03
1.560480000000000018e+03
1.562732607142042525e+03
1.560480000000000246e+03
1.556993864021140553e+03
1.548519999999999982e+03
1.531281936773395728e+03
1.508440000000000282e+03
1.484143388885278455e+03
1.459560000000000173e+03
1.435024507685492154e+03
1.410520000000000209e+03
1.385958580372754341e+03
1.361320000000000164e+03
1.336611170823491420e+03
1.311880000000000109e+03
1.287166736333279914e+03
1.262440000000000055e+03
1.237681883843388960e+03
1.213000000000000227e+03
1.188425728293165093e+03
1.163559999999999945e+03
1.138380202983950767e+03
1.114799999999999955e+03
1.094393459771031530e+03
1.075440000000000282e+03
1.055940957931923549e+03
1.036079999999999927e+03
1.016402708501275129e+03
9.967200000000000273e+02
9.768482080629768234e+02
9.573600000000001273e+02
9.389194592468181781e+02
9.217999999999999545e+02
9.059989549497506687e+02
8.908000000000001819e+02
8.754547209541796065e+02
8.598000000000001819e+02
8.439821612335318832e+02
8.288000000000001819e+02
8.150616341116937065e+02
8.029600000000000364e+02
7.923513023196937866e+02
7.823600000000001273e+02
7.721431566095319567e+02
7.617200000000001410e+02
7.516560712421791095e+02
7.438400000000001455e+02
7.396475584217522510e+02
7.370800000000000409e+02
7.338986950708123231e+02
7.302799999999999727e+02
7.268376612949988385e+02
7.235199999999999818e+02
7.201956597491930552e+02
7.170800000000001546e+02
7.143696997082298594e+02
7.118400000000001455e+02
7.092355414178884985e+02
7.066000000000001364e+02
7.040031346202168834e+02
7.013200000000000500e+02
6.985119201012446410e+02
6.960800000000001546e+02
6.945191849748050572e+02
6.937600000000001046e+02
6.935663399995357850e+02
6.936000000000001364e+02
6.935704550270525033e+02
6.934800000000001319e+02
6.933918398922546658e+02
6.933200000000000500e+02
6.932621854039296068e+02
6.932000000000001592e+02
6.931194184920278758e+02
6.930399999999999636e+02
6.929801406279592584e+02
6.929199999999999591e+02
6.928400189961347451e+02
6.927599999999999909e+02
6.926997833875016113e+02
6.926400000000001000e+02
6.925608474538590826e+02
6.924800000000001319e+02
6.924168267970621855e+02
6.923600000000001273e+02
6.922918453578920435e+02
6.922000000000001592e+02
6.920807917713699453e+02
6.919600000000001501e+02
6.918599875566287665e+02
6.917600000000001046e+02
6.916392580021152980e+02
6.915200000000000955e+02
6.914229804349099595e+02
6.913200000000001637e+02
6.911888202582451868e+02
6.910800000000001546e+02
6.910217385321096799e+02
6.908799999999998818e+02
6.906042256133162027e+02
6.906399999999999864e+02
6.913713590146254546e+02
6.924400000000000546e+02
6.934153383281822016e+02
6.943200000000001637e+02
6.952572876726467257e+02
6.962000000000001592e+02
6.971105109812319824e+02
6.980399999999999636e+02
6.990206684024257129e+02
6.999200000000000728e+02
7.006918154090652706e+02
7.018000000000000682e+02
7.036420699613134957e+02
7.058400000000001455e+02
7.079399047456811331e+02
7.099600000000000364e+02
7.120083110559625084e+02
7.140800000000001546e+02
7.161468510304694064e+02
7.182000000000001592e+02
7.202442848221608074e+02
7.223200000000001637e+02
7.244360096808877643e+02
7.264400000000002819e+02
7.282016764542888723e+02
7.298400000000001455e+02
7.315022845019576607e+02
7.332000000000001592e+02
7.349091855378811715e+02
7.366000000000001364e+02
7.382609733465180852e+02
7.399600000000001501e+02
7.417569210760472060e+02
7.436000000000001364e+02
7.454263423492942593e+02
7.472400000000001228e+02
7.490577095267765344e+02
7.508800000000001091e+02
7.527028195436002989e+02
7.545199999999999818e+02
7.563310122988225430e+02
7.581600000000000819e+02
7.600181312611097155e+02
7.618400000000001455e+02
7.635414626567395544e+02
7.650399999999999636e+02
7.662960181119326535e+02
7.674400000000001683e+02
7.686094648955303228e+02
7.697999999999999545e+02
7.709811223059465419e+02
7.721600000000000819e+02
7.733510458806836141e+02
7.745600000000000591e+02
7.757746941713191973e+02
7.769199999999998454e+02
7.778751774340391876e+02
7.784000000000000909e+02
7.783445960925238296e+02
7.780399999999999636e+02
7.778414381958656350e+02
7.777200000000001410e+02
7.775696511240140580e+02
7.773600000000000136e+02
7.771199573080785967e+02
7.770399999999999636e+02
7.771455196436718325e+02
7.766400000000001000e+02
7.748429641172340325e+02
7.723600000000000136e+02
7.699976238873920238e+02
7.680800000000001546e+02
7.664915403331979178e+02
7.638400000000000318e+02
7.588862147798166689e+02
7.522800000000000864e+02
7.450136005475354750e+02
7.375600000000000591e+02
7.301893830300415402e+02
7.228799999999999955e+02
7.155488673322985278e+02
7.081599999999999682e+02
7.007301476407642440e+02
6.934400000000001683e+02
6.863305421046447918e+02
6.787200000000000273e+02
6.699926839406572299e+02
6.605199999999999818e+02
6.508287221327266252e+02
6.410800000000000409e+02
6.313374275284365922e+02
6.216400000000001000e+02
6.119865677535271971e+02
6.022400000000001228e+02
5.924313014574546514e+02
5.834000000000000909e+02
5.758232264166546202e+02
5.689199999999999591e+02
5.617857928759269726e+02
5.544800000000000182e+02
5.472386020796371895e+02
5.400399999999999636e+02
5.328147988055238784e+02
5.255599999999999454e+02
5.183022026982671377e+02
5.111200000000000614e+02
5.038563904014075661e+02
4.953600000000000705e+02
4.847622356961031187e+02
4.733200000000000500e+02
4.623546668141803480e+02
4.513199999999999932e+02
4.397440970471758419e+02
4.293200000000000500e+02
4.215839449971165322e+02
4.152799999999999727e+02
4.088451229643579836e+02
4.022800000000000296e+02
3.958465631454515119e+02
3.892880000000000678e+02
3.823046244538361407e+02
3.749440000000000737e+02
3.673439390392042014e+02
3.596560000000000059e+02
3.520021193893472287e+02
3.443719999999999573e+02
3.367315834034069439e+02
3.290840000000000600e+02
3.214390469970250024e+02
3.137959999999999923e+02
3.061522286084930897e+02
2.985080000000000382e+02
2.908640385690027870e+02
2.832200000000000841e+02
2.755756171154960725e+02
2.679320000000000732e+02
2.602899929690133263e+02
2.526479999999999961e+02
2.450044110084509157e+02
2.373599999999999852e+02
2.297158629971830237e+02
2.220720000000000027e+02
2.144281370028169817e+02
2.067839999999999918e+02
