9.945939732918584325e-03
1.018663495969114423e-02
1.054963790672428826e-02
1.103105279912490987e-02
1.138148139574985188e-02
1.167310703173793547e-02
1.181041662754804891e-02
1.199611751954385817e-02
1.262618401988794062e-02
1.271583529672689651e-02
1.296404218542625102e-02
1.353303085491680373e-02
1.377512938550286455e-02
1.417205622632763430e-02
1.459283335347056829e-02
1.447437124132882127e-02
1.484518614909225223e-02
1.570036891332287840e-02
1.616761058259003417e-02
1.608054409184417333e-02
1.620306345634664816e-02
1.686402808144120760e-02
1.690998122828732408e-02
1.729587671247188180e-02
1.769586085857646068e-02
1.829056139762165814e-02
1.836306673807800924e-02
1.931463413198110379e-02
1.957863502629325278e-02
1.949051952669008173e-02
1.953383591656950025e-02
1.967150483150255369e-02
2.000630631299364637e-02
2.029475031928371087e-02
2.079621894899720894e-02
2.046279639410861217e-02
2.123160268825696750e-02
2.136499586591489308e-02
2.213261926143483826e-02
2.272164984387081352e-02
2.401607582865238066e-02
2.376637868701211853e-02
2.422222850324327187e-02
2.426099405703679643e-02
2.404268655923347264e-02
2.448958039971964318e-02
2.563655678086735820e-02
2.533176956408323549e-02
2.583662322010941981e-02
2.647795928963360065e-02
2.688653724111520968e-02
2.726882340884536141e-02
2.731589197151202894e-02
2.780964842253969352e-02
2.850945543379381983e-02
2.867923945953151227e-02
2.796933463516143234e-02
2.871747012515317443e-02
2.912412877137309994e-02
2.904751438991475671e-02
2.919907602668700419e-02
2.986304004970258621e-02
2.901207553561480426e-02
2.939709721083441293e-02
2.981253386608066075e-02
3.004263233771392941e-02
3.040480058260276730e-02
3.066241856625375600e-02
3.091913888174039476e-02
3.081043715151681600e-02
3.045154791671744743e-02
3.062955107753035505e-02
3.044732375357029133e-02
3.094765956948659566e-02
3.072949698096818366e-02
3.144778006397432740e-02
3.129093872009137273e-02
3.122840180267260485e-02
3.208989244140256214e-02
3.255806386810289332e-02
3.269708552149597908e-02
3.347106047651456084e-02
3.347951127943615129e-02
3.322791184280430438e-02
3.397656284172244356e-02
3.427265106717317100e-02
3.488951544523100079e-02
3.548390877462245102e-02
3.609365023565418162e-02
3.628644473499847978e-02
3.689410655394011890e-02
3.730287175490196172e-02
3.752921592114881466e-02
3.791558630646167660e-02
3.845993041807986568e-02
3.866021663275787806e-02
3.908119638664788592e-02
3.959671021693331877e-02
3.998233767528128896e-02
4.032966700390874099e-02
4.061796122949506982e-02
4.104330928224523417e-02
4.134755384576299653e-02
4.192237141348370555e-02
4.213699332348368187e-02
4.254614379362513937e-02
4.300389338443455500e-02
4.319937325472411604e-02
4.345123430877055604e-02
4.391024225765906980e-02
4.434820008888637477e-02
4.494927528248131299e-02
4.521192295526831051e-02
4.598377301639639675e-02
4.639423727119083157e-02
4.639771559350388402e-02
4.718688102314527039e-02
4.755506611669632622e-02
4.862328025357797595e-02
4.883298947887372565e-02
4.940995953762542664e-02
4.992207413394223608e-02
5.054850517597996723e-02
5.112800733802908698e-02
5.177401116563705441e-02
5.228903234985861348e-02
5.327288710488074092e-02
5.390900742452091332e-02
5.451368050917623082e-02
5.547712634905823531e-02
5.594563733602257727e-02
5.715936861475715003e-02
5.735006552039810523e-02
5.821005235098834080e-02
5.855175781970820004e-02
5.890712606087054187e-02
5.966393329569333326e-02
5.989399637684946626e-02
6.031950416113694008e-02
6.081976092016497248e-02
6.123355961504400868e-02
6.171605410015483517e-02
6.205667592760580331e-02
6.262212261468312613e-02
6.250170494383487652e-02
6.287728767899300464e-02
6.331736175956666213e-02
6.319266393920665303e-02
6.382170426811803465e-02
6.427193191834069952e-02
6.480596659037635154e-02
6.497167358335546872e-02
6.518975575129154487e-02
6.572340130305429073e-02
6.629024360315913245e-02
6.687549983610184545e-02
6.764506984250043264e-02
6.817699671980267939e-02
6.848458317416897256e-02
6.896624912348010839e-02
6.961302687275083834e-02
7.012292891373959891e-02
7.068675813040055378e-02
7.120493310066008941e-02
7.212878610179576655e-02
7.274671091877216167e-02
7.348603910079917756e-02
7.460493592656243511e-02
7.538324252173886353e-02
7.593717998920346268e-02
7.663864628339023266e-02
7.703910463797096486e-02
7.795411956784265017e-02
7.931384330318727582e-02
7.986298465686222925e-02
8.062373064661430833e-02
8.155083617869611501e-02
8.206435855571186933e-02
8.349237217221382179e-02
8.431942393295636939e-02
8.524800746876612378e-02
8.535924863274209351e-02
8.647271084075601466e-02
8.748548414990740818e-02
8.785208485619060148e-02
8.864674371551230225e-02
8.926408151996144402e-02
8.977363517765353518e-02
9.036440636438300422e-02
9.110694464420275585e-02
9.153884632353456730e-02
9.182555167115402650e-02
9.230665110143633501e-02
9.283842531105004903e-02
9.312715607884225477e-02
9.370411586594888653e-02
9.433124136516773950e-02
9.448492135727214192e-02
9.452960054595743733e-02
9.452963770795967668e-02
9.501593684978401622e-02
9.549525034895807452e-02
9.584104536874979430e-02
9.640790907505809859e-02
9.679330174764823325e-02
9.696149958592216456e-02
9.749279314982581268e-02
9.784873703062918482e-02
9.830514089826272728e-02
9.918682358627041451e-02
9.996879732401121876e-02
1.002882541554551837e-01
1.010376379958693727e-01
1.017888668298234656e-01
1.023808812090203219e-01
1.027090124716762143e-01
1.033608626358371030e-01
1.039162824170326016e-01
1.051141904274398298e-01
1.059445308319348633e-01
1.062053621273327808e-01
1.071287370312044712e-01
1.076160516724718186e-01
1.091645814357221217e-01
1.095125371455417801e-01
1.103421174816291150e-01
1.114536711793527868e-01
1.122890753689761434e-01
1.131842969716311265e-01
1.141125678046269881e-01
1.144507548210738773e-01
1.158390247419980451e-01
1.166833385071378293e-01
1.174197659900824420e-01
1.179850611694031604e-01
1.187809197454805649e-01
1.200553983385224677e-01
1.202171366198180602e-01
1.210943039072437943e-01
1.218099742566168403e-01
1.218515063658958675e-01
1.225162047943445798e-01
1.239403826773878697e-01
1.246189957311373830e-01
1.248274041787846428e-01
1.250494537750106994e-01
1.255319711232012470e-01
1.258174115461761777e-01
1.264176669444701251e-01
1.268183102594617195e-01
1.268262913621341914e-01
1.271730454721489711e-01
1.278080701094506666e-01
1.278379611494102064e-01
1.284314941617000772e-01
1.284011587556179723e-01
1.280863588060946190e-01
1.289611969530085889e-01
1.292511411481965522e-01
1.291697667701793006e-01
1.294067127752644986e-01
1.293152077195474092e-01
1.291963297036632652e-01
1.296056747185589109e-01
1.306098502471012834e-01
1.305096561637292818e-01
1.300340229737299291e-01
1.295725140674329201e-01
1.299937345794672239e-01
1.307074596446676229e-01
1.304085337417169310e-01
1.305754577681552675e-01
1.313306134942289483e-01
1.314668056506566873e-01
1.314807254288952176e-01
1.308082588992038053e-01
1.316693120080434654e-01
1.319416814974564423e-01
1.319118323690538774e-01
1.323961855390011766e-01
1.330181489544954576e-01
1.331478478032492307e-01
1.339564387317118688e-01
1.346661075812693453e-01
1.346019767297498559e-01
1.355761138369136753e-01
1.356914643691822797e-01
1.364644321915275127e-01
1.373340841634163589e-01
1.384813438512201567e-01
1.387048742925088562e-01
1.391816545899763891e-01
1.413023030294251470e-01
1.405187016856280502e-01
1.414860697338890527e-01
1.423456871877785690e-01
1.419990058449265846e-01
1.436617038932076484e-01
1.441351891906851312e-01
1.448698816746348261e-01
1.455039015249467438e-01
1.468828655392534766e-01
1.474044053076269123e-01
1.487403011877627412e-01
1.502291503435687625e-01
1.501559852987880694e-01
1.510767347109393532e-01
1.521732196183151753e-01
1.525968368100715233e-01
1.543529778823986565e-01
1.545205262397812973e-01
1.559850202645629014e-01
1.557383149828965307e-01
1.572230976303682082e-01
1.573687390847734457e-01
1.572599627058394456e-01
1.586101732561296107e-01
1.588208507172864381e-01
1.601243078136150577e-01
1.596597289959139909e-01
1.605830574184359261e-01
1.600662991886656339e-01
1.606877853802747558e-01
1.604375140025572077e-01
1.614524813434498052e-01
1.612488137974024682e-01
1.611594084404465166e-01
1.608401289516665778e-01
1.605768212048082622e-01
1.604694343780396770e-01
1.594159294343251432e-01
1.602331578214413743e-01
1.594864958634145402e-01
1.593497891126711974e-01
1.584402718387211972e-01
1.582502721139981972e-01
1.584953260165888611e-01
1.574109590606021791e-01
1.572929387724579797e-01
1.563516743893342276e-01
1.557004599535318223e-01
1.553289380663611940e-01
1.561204090258535571e-01
1.547207920980061546e-01
1.539920832065196366e-01
1.526507397481718653e-01
1.519787626081631204e-01
1.529463519921385461e-01
1.515260817819621686e-01
1.511670632948144688e-01
1.510465125374221562e-01
1.503284784025408216e-01
1.513387529949740129e-01
1.504715620199754411e-01
1.494113065522888750e-01
1.491372001308476913e-01
1.483042241816105722e-01
1.479358958137412805e-01
1.488166786885476711e-01
1.487046922315634623e-01
1.500939318032865344e-01
1.502170568411025364e-01
1.494023812708493437e-01
1.488416133132422492e-01
1.486445838111705997e-01
1.485647706188360784e-01
1.483157155748204559e-01
1.485102388859393385e-01
1.491700857456093321e-01
1.511390206875568576e-01
1.504091026823823063e-01
1.485752437854997998e-01
1.513553590735817744e-01
1.499402438822914074e-01
1.497577573418002461e-01
1.517056498326531389e-01
1.507583700083931777e-01
1.522940641125474781e-01
1.523309406678892697e-01
1.511408728291880610e-01
1.518879962902620340e-01
1.530488348821062716e-01
1.521671623500851778e-01
1.531933977158026206e-01
1.547002610139837364e-01
1.548591711013740102e-01
1.537607427350471123e-01
1.547648574135863098e-01
1.547208016988679824e-01
1.552394842901375083e-01
1.557614901003265551e-01
1.556511066991347891e-01
1.553172290976576331e-01
1.572144006526801085e-01
1.594513466505972088e-01
1.580828254407277977e-01
1.597384518720009750e-01
1.590419012570785662e-01
1.592211434857133678e-01
1.606871303298431919e-01
1.614294880792468134e-01
1.625028591198852956e-01
1.633600327398828378e-01
1.623518621597840883e-01
1.635955569096444739e-01
1.636639051559006797e-01
1.655017275405496480e-01
1.646474908632602763e-01
1.657985010043914464e-01
1.652956283838727669e-01
1.651828806931130711e-01
1.669215396357561498e-01
1.663290236037903713e-01
1.662359349503300110e-01
1.671927031491022286e-01
1.652756593292355192e-01
1.663770098695648569e-01
1.672718145621730212e-01
1.681290519990338850e-01
1.665904118624266239e-01
1.673761155839479375e-01
1.684154924708015089e-01
1.679697759673805801e-01
1.664806815653114280e-01
1.678028781124201174e-01
1.681268991307352800e-01
1.658844239174741275e-01
1.665882999572558809e-01
1.674680970140701719e-01
1.657030401249124096e-01
1.658897844441321601e-01
1.668941323524354148e-01
1.664066373503129970e-01
1.649680457846305626e-01
1.660588031647069751e-01
1.662724533388316994e-01
1.643469589413036891e-01
1.651244098737424670e-01
1.640863881342826958e-01
1.635326140106973802e-01
1.637458341309119825e-01
1.636662509017060285e-01
1.647297957109354616e-01
1.627900020740448150e-01
1.648398588479424165e-01
1.615453242414366941e-01
1.624401177362314874e-01
1.605711901227889205e-01
1.601881318794597941e-01
1.619698173994042478e-01
1.598380257384946213e-01
1.609940840833525844e-01
1.616638044143923758e-01
1.600810172041518264e-01
1.615071533635664691e-01
1.625732695104074033e-01
1.600913824313251466e-01
1.618565242610006394e-01
1.606488638843183436e-01
1.621086025974175227e-01
1.639381403547234273e-01
1.614645328472014973e-01
1.630285978372111866e-01
1.632794434797139593e-01
1.642863638715805208e-01
1.653266027181490572e-01
1.643992744617189528e-01
1.647319349246260389e-01
1.637779118861703853e-01
1.680602070063726694e-01
1.651570216846547645e-01
1.670633980945865904e-01
1.684685954257515439e-01
1.674737627469689294e-01
1.707039716085411718e-01
1.694686182228881399e-01
1.719902496110964629e-01
1.710116903960541279e-01
1.736860269060005735e-01
1.706706995678503869e-01
1.729484532314421452e-01
1.715685465856220671e-01
1.703376393599112804e-01
1.752594404151618102e-01
1.729064028759627336e-01
1.735016899932222134e-01
1.726238916468943729e-01
1.730134913536994223e-01
1.787089047364553429e-01
1.763222621750988595e-01
1.759729016651996603e-01
1.763754379806445061e-01
1.759514879714846047e-01
1.748788729948531906e-01
1.792289517513512287e-01
1.786889033682990402e-01
1.796613917735008226e-01
1.820294320948365463e-01
1.809195288876131735e-01
1.867993743537022522e-01
1.870211890645264996e-01
1.860336116574244913e-01
1.844275323492565732e-01
1.875901638236704416e-01
1.916637381635562798e-01
1.888537507425676887e-01
1.934352323706659826e-01
1.911925170756038628e-01
1.917266505412940913e-01
1.956839989033493377e-01
1.949786941432741227e-01
1.947071667062474365e-01
2.012144392477562549e-01
1.966665398083441152e-01
2.011028592627091549e-01
2.032840090370469088e-01
2.005733117881076666e-01
2.051729093507166091e-01
2.073505254574256607e-01
2.107219574097952408e-01
2.075108929604153052e-01
2.128269709857732450e-01
2.108566794863845906e-01
2.147525513004922837e-01
2.156646673802223857e-01
2.128894702067091749e-01
2.201055947145101055e-01
2.182457054354214054e-01
2.127753963834073392e-01
2.203723455213381643e-01
2.183838978132708331e-01
2.180944134253266775e-01
2.251863723851675603e-01
2.189547241197488670e-01
2.285006403440623945e-01
2.288919516502878615e-01
2.263190398120519531e-01
2.359886449497113348e-01
2.280484791102799225e-01
2.402197322464262597e-01
2.381940532909161412e-01
2.347287235063952593e-01
2.282118466429085557e-01
2.344549199786864491e-01
2.390961817070798578e-01
2.338252673615136557e-01
2.493771611462953230e-01
2.394403124087819690e-01
2.503830157810620904e-01
2.557201864785005330e-01
2.503778330475110447e-01
2.500701227724257958e-01
2.644509411837470680e-01
2.584547293565093717e-01
2.547143097644417042e-01
2.488235947169471218e-01
2.709791621562432362e-01
2.574150558895968444e-01
2.716226699782813836e-01
2.788304191024197354e-01
2.725793828643063854e-01
2.644261239350049753e-01
2.717017609056218141e-01
2.895267849587808695e-01
2.821765663806973246e-01
2.765883816259378514e-01
3.115263402357272837e-01
2.994268752418288160e-01
2.877973018519298098e-01
3.251216139297713470e-01
3.192690106320942856e-01
3.049110327637229445e-01
3.076514857630933131e-01
3.043935555119232084e-01
2.880523148036646108e-01
3.443398230737155785e-01
3.340003834270651728e-01
3.230797130077867063e-01
3.661015372753326780e-01
3.927666308618695812e-01
3.765338597397205334e-01
3.674261592952521305e-01
3.516539546405695327e-01
4.094557180217545667e-01
4.573939034259486003e-01
4.413175776121279759e-01
4.212996641225740246e-01
4.115123704390594161e-01
4.012613448300416108e-01
3.960609157884387166e-01
3.833201708551495779e-01
5.883126972161198953e-01
5.339693972239524244e-01
5.365298133845102235e-01
5.026644465770336856e-01
1.000000000000000000e+00
9.545605161784762593e-01
9.591911919612274851e-01
9.252259162721657715e-01
8.813343196043805783e-01
8.453892809630558780e-01
