0
0
0
0
0
0
-0.00023585
-0.00023585
-0.00023585
-0.00023585
-0.00023585
-0.00023585
-0.00023585
-0.00023585
-0.00023585
-0.00023585
-0.00023585
-0.00023585
-0.00023585
-0.00023585
-0.00023585
-0.00023585
-0.00023585
-0.00023585
0
0
0
0
0
0.00023585
0.00023585
0.0004717
0.0004717
0.0004717
0.00070755
0.0009434
0.0009434
0.0011792
0.0014151
0.0016509
0.0021226
0.0025943
0.003066
0.0035377
0.0037736
0.0044811
0.0049528
0.0056604
0.0061321
0.0070755
0.007783
0.0082547
0.0087264
0.0091981
0.0096698
0.010142
0.011085
0.011557
0.012028
0.013208
0.014858
0.01533
0.015802
0.016981
0.017925
0.018868
0.019575
0.020519
0.021934
0.022642
0.023585
0.025943
0.026887
0.027358
0.028302
0.030189
0.031132
0.031368
0.032311
0.033019
0.03467
0.035377
0.036792
0.037736
0.039858
0.040802
0.041745
0.043632
0.045755
0.048585
0.050708
0.052358
0.053066
0.053538
0.054953
0.058962
0.060142
0.061557
0.064858
0.066509
0.067217
0.069575
0.070283
0.070991
0.072406
0.074057
0.077123
0.079717
0.080896
0.082783
0.083726
0.08467
0.087028
0.088208
0.090802
0.091745
0.092925
0.094575
0.096226
0.09717
0.098113
0.099292
0.10094
0.10212
0.10259
0.10519
0.1092
0.10991
0.11132
0.11274
0.11392
0.11486
0.11651
0.1184
0.11958
0.12075
0.1217
0.12241
0.12358
0.125
0.12594
0.12642
0.12689
0.12901
0.12995
0.1316
0.13561
0.13632
0.13703
0.13821
0.13915
0.14033
0.14057
0.14127
0.14175
0.14222
0.14269
0.14387
0.14458
0.14481
0.14528
0.14575
0.14599
0.14646
0.14717
0.14741
0.14788
0.14811
0.14835
0.14858
0.14882
0.14882
0.14906
0.14906
0.14929
0.14929
0.14953
0.14953
0.14953
0.14953
0.14976
0.14976
0.15
0.15
0.15
0.15
0.15
0.15
0.14953
0.14929
0.14906
0.14858
0.14835
0.14764
0.14599
0.14481
0.14387
0.14316
0.14269
0.14222
0.14127
0.13986
0.13844
0.13726
0.13632
0.13561
0.13514
0.1342
0.13349
0.13278
0.13184
0.1309
0.12948
0.1283
0.12736
0.12642
0.12524
0.12453
0.12406
0.12358
0.12288
0.12217
0.12028
0.11958
0.11863
0.11816
0.11698
0.11604
0.11486
0.11368
0.11274
0.11203
0.11085
0.1092
0.10802
0.10755
0.10542
0.10047
0.098821
0.098113
0.09717
0.095755
0.093868
0.091981
0.090566
0.089623
0.088915
0.088443
0.0875
0.086792
0.086321
0.085377
0.08467
0.083962
0.082783
0.081604
0.08066
0.080189
0.079009
0.076415
0.071226
0.06934
0.06816
0.067453
0.066745
0.065802
0.064387
0.063443
0.0625
0.061792
0.061085
0.060142
0.059198
0.058019
0.05684
0.056132
0.054717
0.053538
0.052594
0.050943
0.049528
0.048349
0.046698
0.045519
0.044104
0.04316
0.042217
0.041509
0.040566
0.038915
0.037972
0.036792
0.035613
0.033962
0.032783
0.031368
0.030189
0.029481
0.028774
0.02783
0.027123
0.026651
0.025943
0.025236
0.024528
0.023585
0.022877
0.02217
0.021462
0.020283
0.019104
0.017925
0.016745
0.015802
0.014858
0.013679
0.012264
0.011557
0.010849
0.010142
0.009434
0.0084906
0.0080189
0.0070755
0.0066038
0.0056604
0.004717
0.0042453
0.0033019
0.0023585
0.0016509
0.0009434
0.00023585
-0.0004717
-0.0011792
-0.0023585
-0.003066
-0.0040094
-0.0051887
-0.0066038
-0.0075472
-0.0082547
-0.0087264
-0.0091981
-0.0096698
-0.010377
-0.010849
-0.011321
-0.011792
-0.0125
-0.012972
-0.013443
-0.013679
-0.014151
-0.014623
-0.015094
-0.01533
-0.015566
-0.016038
-0.016274
-0.016509
-0.016981
-0.017453
-0.017689
-0.01816
-0.018396
-0.018868
-0.01934
-0.019811
-0.020047
-0.020519
-0.020991
-0.021226
-0.021698
-0.021934
-0.022406
-0.022642
-0.023113
-0.023349
-0.023585
-0.024057
-0.024292
-0.024528
-0.024764
-0.025
-0.025236
-0.025472
-0.025708
-0.025943
-0.026179
-0.026415
-0.026415
-0.026651
-0.026887
-0.027123
-0.027358
-0.027358
-0.027594
-0.02783
-0.02783
-0.028066
-0.028066
-0.028302
-0.028538
-0.028538
-0.028774
-0.028774
-0.029009
-0.029009
-0.029009
-0.029245
-0.029245
-0.029481
-0.029481
-0.029717
-0.029717
-0.029717
-0.029953
-0.029953
-0.029953
-0.030189
-0.030189
-0.030189
-0.030425
-0.030425
-0.030425
-0.03066
-0.03066
-0.03066
-0.03066
-0.03066
-0.03066
-0.03066
-0.030425
-0.030425
-0.030425
-0.030425
-0.030425
-0.030425
-0.030425
-0.030425
-0.030425
-0.030425
-0.030189
-0.030189
-0.030189
-0.030189
-0.030189
-0.030189
-0.030189
-0.029953
-0.029953
-0.029953
-0.029717
-0.029717
-0.029717
-0.029717
-0.029717
-0.029717
-0.029481
-0.029481
-0.029481
-0.029245
-0.029245
-0.029009
-0.029009
-0.028774
-0.028538
-0.028538
-0.028302
-0.028302
-0.028066
-0.028066
-0.02783
-0.02783
-0.027594
-0.027358
-0.027358
-0.027123
-0.026887
-0.026887
-0.026651
-0.026651
-0.026415
-0.026415
-0.026179
-0.025943
-0.025943
-0.025708
-0.025708
-0.025472
-0.025236
-0.025236
-0.025
-0.025
-0.024764
-0.024764
-0.024528
-0.024292
-0.024292
-0.024057
-0.023821
-0.023585
-0.023585
-0.023585
-0.023349
-0.023113
-0.023113
-0.022877
-0.022642
-0.022406
-0.02217
-0.021934
-0.021934
-0.021698
-0.021462
-0.021462
-0.021226
-0.020991
-0.020991
-0.020755
-0.020519
-0.020283
-0.020047
-0.020047
-0.019811
-0.019811
-0.019575
-0.01934
-0.01934
-0.019104
-0.019104
-0.018868
-0.018868
-0.018632
-0.018396
-0.01816
-0.01816
-0.017925
-0.017689
-0.017689
-0.017453
-0.017217
-0.017217
-0.017217
-0.016981
-0.016745
-0.016745
-0.016509
-0.016509
-0.016274
-0.016274
-0.016038
-0.016038
-0.016038
-0.015802
-0.015566
-0.01533
-0.01533
-0.01533
-0.01533
-0.015094
-0.014858
-0.014858
-0.014623
-0.014623
-0.014387
-0.014387
-0.014151
-0.014151
-0.013915
-0.013915
-0.013679
-0.013679
-0.013679
-0.013443
-0.013208
-0.013208
-0.013208
-0.012972
-0.012972
-0.012736
-0.012736
-0.012736
-0.0125
-0.0125
-0.0125
-0.012264
-0.012264
-0.012028
-0.012028
-0.011792
-0.011557
-0.011557
-0.011321
-0.011085
-0.010849
-0.010849
-0.010613
-0.010377
-0.010377
-0.010142
-0.0099057
-0.0099057
-0.0096698
-0.0096698
-0.0096698
-0.009434
-0.009434
-0.0091981
-0.0091981
-0.0091981
-0.0089623
-0.0089623
-0.0089623
-0.0087264
-0.0084906
-0.0084906
-0.0084906
-0.0082547
-0.0082547
-0.0082547
-0.0082547
-0.0082547
-0.0080189
-0.0080189
-0.0080189
-0.0080189
-0.007783
-0.007783
-0.007783
-0.007783
-0.007783
-0.0075472
-0.0075472
-0.0073113
-0.0073113
-0.0073113
-0.0070755
-0.0068396
-0.0068396
-0.0066038
-0.0066038
-0.0066038
-0.0063679
-0.0063679
-0.0063679
-0.0061321
-0.0061321
-0.0061321
-0.0061321
-0.0061321
-0.0061321
-0.0061321
-0.0058962
-0.0058962
-0.0058962
-0.0058962
-0.0058962
-0.0056604
-0.0056604
-0.0056604
-0.0056604
-0.0056604
-0.0056604
-0.0054245
-0.0054245
-0.0054245
-0.0051887
-0.0051887
-0.0051887
-0.0051887
-0.0051887
-0.0051887
-0.0049528
-0.0049528
-0.0049528
-0.0049528
-0.0049528
-0.004717
-0.004717
-0.004717
-0.004717
-0.0044811
-0.0044811
-0.0044811
-0.0044811
-0.0042453
-0.0042453
-0.0042453
-0.0040094
-0.0040094
-0.0040094
-0.0040094
-0.0037736
-0.0037736
-0.0037736
-0.0037736
-0.0037736
-0.0035377
-0.0035377
-0.0035377
-0.0035377
-0.0035377
-0.0035377
-0.0035377
-0.0033019
-0.0033019
-0.0033019
-0.0033019
-0.0033019
-0.0033019
-0.0033019
-0.0033019
-0.003066
-0.003066
-0.003066
-0.003066
-0.003066
-0.003066
-0.003066
-0.0028302
-0.0028302
-0.0028302
-0.0028302
-0.0028302
-0.0028302
-0.0025943
-0.0025943
-0.0025943
-0.0025943
-0.0025943
-0.0023585
-0.0023585
-0.0023585
-0.0023585
-0.0023585
-0.0023585
-0.0023585
-0.0023585
-0.0021226
-0.0021226
-0.0021226
-0.0021226
-0.0021226
-0.0021226
-0.0018868
-0.0018868
-0.0018868
-0.0018868
-0.0018868
-0.0018868
-0.0016509
-0.0016509
-0.0016509
-0.0016509
-0.0016509
-0.0016509
-0.0014151
-0.0014151
-0.0014151
-0.0014151
