6.308517122457274672e+04
6.509691954196455481e+04
6.766684080291041755e+04
7.152608342045049358e+04
7.321368442947650328e+04
7.608740294355431979e+04
7.775174674659903394e+04
7.971261992590656155e+04
8.217933733530979953e+04
8.232324129731972062e+04
8.325352953657618491e+04
8.446145067223554361e+04
8.450796508419830934e+04
8.489170898289163597e+04
8.535685310251983174e+04
8.525946355247270549e+04
8.498183065606965101e+04
8.487571965377943707e+04
8.345557651353962137e+04
8.221858387040339585e+04
8.065889749427515198e+04
7.963412685571935435e+04
7.645806466388308036e+04
7.316208250370516907e+04
7.012047603394908947e+04
6.493847982621646952e+04
5.991637690960564942e+04
5.234470278728324047e+04
4.497362206655010232e+04
3.502171826956784935e+04
2.394947125319936822e+04
1.080678781372090998e+04
-3.649927763707511076e+03
-1.669376807776507485e+04
-3.060939022228250542e+04
-4.546783769365525950e+04
-6.277701324531897262e+04
-7.795815444968421070e+04
-9.204620697292240220e+04
-1.059176767654595751e+05
-1.180303203556520893e+05
-1.292882616260281939e+05
-1.354615962387185136e+05
-1.408529073002840742e+05
-1.417991848686525482e+05
-1.406915604337879922e+05
-1.359238332075989747e+05
-1.301596800626442127e+05
-1.206932704405235127e+05
-1.125387125932921772e+05
-9.949723433921656397e+04
-9.014493038394249743e+04
-7.794652584669321368e+04
-6.403508273137606739e+04
-4.621933616192951013e+04
-3.879361422146178666e+04
-2.681238705938565545e+04
-1.758568523073258257e+04
-9.263107284606625399e+03
-4.933500890414275091e+03
-4.003939438845716268e+02
1.806992404504544083e+03
6.075548632995771186e+03
7.319214508530121748e+03
8.427830017513191706e+03
9.857058003839487355e+03
1.078284575011145716e+04
1.128734821832352645e+04
1.184417939999387454e+04
1.222948868755126387e+04
1.233135077721022935e+04
1.266142420056176525e+04
1.266354865687737947e+04
1.321736087430966654e+04
1.322462875117885778e+04
1.293682082715892830e+04
1.329730751987078474e+04
1.322753590192654701e+04
1.322753590192655611e+04
1.308217836454273856e+04
1.331475042435682190e+04
1.303639074026680828e+04
1.279146328977511621e+04
1.313499160312552340e+04
1.304923065606907039e+04
1.296952627307027797e+04
1.279146328977511439e+04
1.279146328977511621e+04
1.246586240603538317e+04
1.185100002290187876e+04
1.162860299070464316e+04
1.162860299070464316e+04
1.162860299070464316e+04
1.109150689007149049e+04
1.078407569850472646e+04
1.042092411760751384e+04
1.002773197898431135e+04
9.634539840361108872e+03
9.302882392563713438e+03
9.190957088778182879e+03
8.963714805334828270e+03
8.289255831873944771e+03
7.843003394827190277e+03
7.288370842777978396e+03
7.225046767086028922e+03
6.894264822607855422e+03
6.316375064577219746e+03
6.209443727670141925e+03
5.576318105433634628e+03
5.389440122965434966e+03
5.182212085263523477e+03
4.549086463027035279e+03
4.462505181353678381e+03
4.347821442452775045e+03
4.103284970155697010e+03
3.826285314509515047e+03
3.808022075406540353e+03
3.499043761535946032e+03
3.480780522432970884e+03
3.462517283329995735e+03
3.444254044227021041e+03
3.716705879891665518e+03
3.698442640788690824e+03
3.680179401685712037e+03
3.737502082022305785e+03
4.225083073015000991e+03
4.206819833912026297e+03
4.188556594809051603e+03
4.170293355706076909e+03
4.442745191370720931e+03
4.424481952267746237e+03
4.406218713164771543e+03
4.387955474061795030e+03
4.369692234958822155e+03
4.351428995855845642e+03
4.333165756752867310e+03
4.314902517649893525e+03
4.296639278546919741e+03
4.278376039443943228e+03
4.260112800340970352e+03
4.241849561237995658e+03
4.223586322135019145e+03
4.205323083032045361e+03
4.057691635657463848e+03
3.878081530058475437e+03
3.859818290955499833e+03
3.611890142786094657e+03
3.241861663214312102e+03
3.217784122615997148e+03
2.914620110240742633e+03
2.537149743426472014e+03
2.112282875975178285e+03
1.838587847403031446e+03
1.553264215840208408e+03
1.315908571614047332e+03
9.942455557052650192e+02
5.868215927400616465e+02
4.352268955702983249e+02
3.010751028866214369e+02
1.215717585418502722e+00
-5.486586320159678962e+02
-6.828104246996417714e+02
-1.107677292150934591e+03
-1.241829084834611649e+03
-1.375980877518285524e+03
-1.510132670201959172e+03
-1.644284462885632593e+03
-1.778436255569309651e+03
-1.912588048252983299e+03
-2.046739840936656947e+03
-2.180891633620330595e+03
-2.315043426304007426e+03
-2.449195218987683802e+03
-2.583347011671357905e+03
-2.717498804355032007e+03
-3.015177826595483566e+03
-3.463209399777144426e+03
-3.239623078637676826e+03
-3.443387917406600536e+03
-3.543948904633030907e+03
-3.644509891859438085e+03
-3.798853167917902283e+03
-4.495908631281193266e+03
-4.752706947325935289e+03
-4.957661075037108276e+03
-5.453330277515846319e+03
-5.771663284386472696e+03
-6.156860758453416565e+03
-6.760094538596289567e+03
-7.896984290987521490e+03
-8.297008233867749368e+03
-9.976178505725642026e+03
-1.057970300094314371e+04
-1.226672257981957955e+04
-1.393397353361186470e+04
-1.525890748686521329e+04
-1.719870382325221362e+04
-1.849529305671567272e+04
-2.095474258924988681e+04
-2.260891136467761316e+04
-2.354792105617706329e+04
-2.611970209097616316e+04
-2.830636385056402651e+04
-3.010407296780820252e+04
-3.111429536462647593e+04
-3.130781367436398068e+04
-3.059074145505990600e+04
-2.899182037113966726e+04
-2.686743067617924680e+04
-2.411458548028911900e+04
-2.109493343923663269e+04
-1.789996398430411136e+04
-1.531908250157628208e+04
-1.227404117542105087e+04
-9.621308835117424678e+03
-7.278970878146193172e+03
-5.280079359689760167e+03
-3.456505255113378553e+03
-1.947158901001848790e+03
-5.930090778589765250e+02
4.991239572932561259e+02
1.326366830849354301e+03
2.023799815749373465e+03
2.623514312951217562e+03
3.103478041557591496e+03
3.439261049295184876e+03
3.720916410992339934e+03
3.965688332467247164e+03
4.135256356346149005e+03
4.260276848528047594e+03
4.355598986245282504e+03
4.429844872406947616e+03
4.472955386952429762e+03
4.528520050144384186e+03
4.556781387457535857e+03
4.586000736205027351e+03
4.608993010629286800e+03
4.616178096386865946e+03
4.627674233598995670e+03
4.635817330790920096e+03
4.654498553760630784e+03
4.653061536609112409e+03
4.646834462285876725e+03
4.663599662386898672e+03
4.673179776730339654e+03
4.684771715085901633e+03
4.693633254783830125e+03
4.698183875166719190e+03
4.712314477753538995e+03
4.719978569228291235e+03
4.705800000000000182e+03
4.670600000000000364e+03
4.635299999999999272e+03
4.588899999999999636e+03
4.542299999999999272e+03
4.489799999999999272e+03
4.437300000000000182e+03
4.379899999999999636e+03
4.322399999999999636e+03
4.261399999999999636e+03
4.200300000000000182e+03
4.135299999999999272e+03
4.070399999999999636e+03
4.001500000000000000e+03
3.932499999999999545e+03
3.861000000000000000e+03
3.789300000000000182e+03
3.720399999999999636e+03
3.651499999999999545e+03
3.581599999999999454e+03
3.511799999999999272e+03
3.442699999999999363e+03
3.373599999999999454e+03
3.305400000000000091e+03
3.237300000000000182e+03
3.170800000000000182e+03
3.104299999999999727e+03
3.038800000000000182e+03
2.973399999999999636e+03
2.916699999999999818e+03
2.859999999999999545e+03
2.815000000000000000e+03
2.769899999999999636e+03
2.731699999999999818e+03
2.693499999999999545e+03
2.658800000000000182e+03
2.623900000000000091e+03
2.593999999999999545e+03
2.564000000000000000e+03
2.538300000000000182e+03
2.512599999999999909e+03
2.490199999999999363e+03
2.467699999999999363e+03
2.449099999999999909e+03
2.430599999999999454e+03
2.408800000000000182e+03
2.387100000000000364e+03
2.367400000000000091e+03
2.347599999999999454e+03
2.326399999999999636e+03
2.305199999999999818e+03
2.283000000000000000e+03
2.260899999999999636e+03
2.236800000000000182e+03
2.212699999999999818e+03
2.190699999999999818e+03
2.168800000000000182e+03
2.142199999999999818e+03
2.115500000000000000e+03
2.088999999999999545e+03
2.062599999999999454e+03
2.038699999999999363e+03
2.014899999999999636e+03
1.987099999999999682e+03
1.959300000000000182e+03
1.933099999999999454e+03
1.906799999999999727e+03
1.883500000000000000e+03
1.860200000000000273e+03
1.839400000000000546e+03
1.818499999999999773e+03
1.801699999999999818e+03
1.784899999999999864e+03
1.772999999999999773e+03
1.761099999999999682e+03
1.751900000000000091e+03
1.742799999999999955e+03
1.734999999999999773e+03
1.727299999999999727e+03
1.723400000000000091e+03
1.719500000000000000e+03
1.718799999999999727e+03
1.718199999999999818e+03
1.717799999999999727e+03
1.717299999999999727e+03
1.718799999999999727e+03
1.720299999999999500e+03
1.722099999999999909e+03
1.723999999999999773e+03
1.728099999999999909e+03
1.732200000000000045e+03
1.738199999999999818e+03
1.744099999999999909e+03
1.750000000000000000e+03
1.755900000000000091e+03
1.760899999999999864e+03
1.765799999999999955e+03
1.769699999999999818e+03
1.773700000000000045e+03
1.778500000000000000e+03
1.783199999999999818e+03
1.791099999999999909e+03
1.799099999999999682e+03
1.805400000000000091e+03
1.811699999999999818e+03
1.815099999999999682e+03
1.818499999999999545e+03
1.821500000000000000e+03
1.824499999999999773e+03
1.827399999999999864e+03
1.830299999999999955e+03
1.832899999999999864e+03
1.835699999999999818e+03
1.840499999999999545e+03
1.845299999999999727e+03
1.850599999999999682e+03
1.855900000000000091e+03
1.860799999999999955e+03
1.865699999999999818e+03
1.870700000000000045e+03
1.875900000000000091e+03
1.880599999999999909e+03
1.885200000000000045e+03
1.890599999999999909e+03
1.896000000000000000e+03
1.904100000000000136e+03
1.912299999999999500e+03
1.923499999999999773e+03
1.934799999999999955e+03
1.945700000000000045e+03
1.956400000000000091e+03
1.967099999999999909e+03
1.977800000000000182e+03
1.989900000000000091e+03
2.002199999999999818e+03
2.011900000000000091e+03
2.021599999999999909e+03
2.030000000000000000e+03
2.038499999999999773e+03
2.045500000000000000e+03
2.052500000000000000e+03
2.058800000000000182e+03
2.065099999999999909e+03
2.076999999999999545e+03
2.088800000000000182e+03
2.101000000000000000e+03
2.113099999999999909e+03
2.126199999999999818e+03
2.139300000000000182e+03
2.149000000000000000e+03
2.158699999999999818e+03
2.163199999999999818e+03
2.167599999999999909e+03
2.172300000000000182e+03
2.177099999999999909e+03
2.182599999999999909e+03
2.188099999999999454e+03
2.194199999999999818e+03
2.200300000000000182e+03
2.205899999999999636e+03
2.211399999999999636e+03
2.215300000000000182e+03
2.219199999999999818e+03
2.221900000000000091e+03
2.224500000000000000e+03
2.227000000000000000e+03
2.229500000000000000e+03
2.232099999999999454e+03
2.234599999999999909e+03
2.237199999999999818e+03
2.239800000000000182e+03
2.240699999999999818e+03
2.241400000000000091e+03
2.240000000000000000e+03
2.238499999999999545e+03
2.236000000000000000e+03
2.233500000000000000e+03
2.230300000000000182e+03
2.227000000000000000e+03
2.223699999999999818e+03
2.220300000000000182e+03
2.217300000000000182e+03
2.214099999999999909e+03
2.211599999999999909e+03
2.209199999999999818e+03
2.207500000000000000e+03
2.205800000000000182e+03
2.205199999999999818e+03
2.204400000000000091e+03
2.203599999999999909e+03
2.202800000000000182e+03
2.201000000000000000e+03
2.199099999999999909e+03
2.196800000000000182e+03
2.194599999999999909e+03
2.192400000000000091e+03
2.190099999999999909e+03
2.188699999999999363e+03
2.187299999999999727e+03
2.186599999999999909e+03
2.186000000000000000e+03
2.183499999999999545e+03
2.181000000000000000e+03
2.176399999999999636e+03
2.171799999999999727e+03
2.165000000000000000e+03
2.158099999999999454e+03
2.149900000000000091e+03
2.141800000000000182e+03
2.135199999999999363e+03
2.128499999999999545e+03
2.124299999999999727e+03
2.119999999999999545e+03
2.115800000000000182e+03
2.111699999999999818e+03
2.106199999999999818e+03
2.100599999999999909e+03
2.094000000000000000e+03
2.087399999999999636e+03
2.077900000000000091e+03
2.068500000000000000e+03
2.054599999999999454e+03
2.040799999999999727e+03
2.028599999999999682e+03
2.016399999999999864e+03
2.006900000000000091e+03
1.997499999999999773e+03
1.989500000000000000e+03
1.981500000000000000e+03
1.974000000000000000e+03
1.966599999999999682e+03
1.959299999999999955e+03
1.952099999999999682e+03
1.942999999999999773e+03
1.933999999999999773e+03
1.924399999999999864e+03
1.914699999999999818e+03
1.904799999999999727e+03
1.894900000000000091e+03
1.882500000000000000e+03
1.870000000000000000e+03
1.857900000000000091e+03
1.845700000000000045e+03
1.832699999999999818e+03
1.819599999999999682e+03
1.805299999999999727e+03
1.791000000000000000e+03
1.776900000000000091e+03
1.762900000000000318e+03
1.750599999999999909e+03
1.738199999999999818e+03
1.728599999999999682e+03
1.719000000000000000e+03
1.711499999999999545e+03
1.703899999999999636e+03
1.697199999999999818e+03
1.690499999999999773e+03
1.684399999999999636e+03
1.678199999999999818e+03
1.672299999999999500e+03
1.666299999999999727e+03
1.656999999999999773e+03
1.647700000000000045e+03
1.638399999999999864e+03
1.628899999999999864e+03
1.619599999999999909e+03
1.610299999999999727e+03
1.597099999999999909e+03
1.583999999999999545e+03
1.570499999999999773e+03
1.557000000000000000e+03
1.543399999999999864e+03
1.529700000000000045e+03
1.513900000000000091e+03
1.498099999999999682e+03
1.478799999999999955e+03
1.459399999999999864e+03
1.441700000000000045e+03
1.423799999999999955e+03
1.409799999999999955e+03
1.395799999999999727e+03
1.381900000000000091e+03
1.368099999999999909e+03
1.351500000000000000e+03
1.335000000000000000e+03
1.317000000000000000e+03
1.299200000000000045e+03
1.281400000000000091e+03
1.263699999999999818e+03
1.245700000000000045e+03
1.227800000000000182e+03
1.214299999999999727e+03
1.200900000000000091e+03
1.190200000000000045e+03
1.179599999999999909e+03
1.169900000000000091e+03
1.160099999999999682e+03
1.146599999999999682e+03
1.132900000000000091e+03
1.116400000000000091e+03
1.099900000000000091e+03
1.083200000000000045e+03
1.066500000000000000e+03
1.050700000000000045e+03
1.034799999999999955e+03
1.025500000000000000e+03
1.016200000000000045e+03
1.005799999999999955e+03
9.952999999999998408e+02
9.883399999999999181e+02
9.812799999999998590e+02
9.787899999999999636e+02
9.762199999999999136e+02
9.755499999999998408e+02
9.748799999999998818e+02
9.626700000000000728e+02
9.504500000000000455e+02
9.356599999999998545e+02
9.208599999999999000e+02
9.051200000000000045e+02
8.893699999999998909e+02
8.778199999999999363e+02
8.663699999999998909e+02
8.584499999999999318e+02
8.506200000000000045e+02
8.458499999999999091e+02
8.410799999999999272e+02
8.372599999999999909e+02
8.334399999999999409e+02
8.274299999999999500e+02
8.213199999999999363e+02
8.116900000000000546e+02
8.019500000000000455e+02
7.913599999999999000e+02
7.806699999999997317e+02
7.723700000000000045e+02
7.639699999999999136e+02
7.555699999999999363e+02
7.471700000000000728e+02
7.387699999999998681e+02
7.303699999999998909e+02
7.219800000000000182e+02
7.135799999999999272e+02
7.051799999999998363e+02
6.967799999999998590e+02
6.883799999999999955e+02
6.799800000000000182e+02
6.715900000000000318e+02
6.631900000000000546e+02
6.547899999999999636e+02
6.463899999999999864e+02
