1.621900000000000078e-02
1.685700000000000046e-02
1.821599999999999955e-02
1.948599999999999985e-02
1.923100000000000157e-02
2.093300000000000022e-02
2.013300000000000159e-02
2.019999999999999921e-02
2.255700000000000066e-02
2.290199999999999875e-02
2.386699999999999933e-02
2.608299999999999855e-02
2.547599999999999865e-02
2.535600000000000007e-02
2.783599999999999963e-02
2.604199999999999918e-02
2.659900000000000111e-02
3.120200000000000057e-02
3.209200000000000247e-02
3.026099999999999970e-02
2.831900000000000042e-02
3.240599999999999731e-02
3.391299999999999870e-02
3.455899999999999944e-02
3.405099999999999794e-02
3.683800000000000269e-02
3.602899999999999853e-02
4.050000000000000128e-02
4.063300000000000245e-02
3.939200000000000340e-02
4.133200000000000068e-02
4.456600000000000145e-02
4.372600000000000098e-02
4.693499999999999756e-02
4.866800000000000292e-02
4.846000000000000307e-02
4.962400000000000144e-02
5.082500000000000212e-02
5.397799999999999820e-02
5.619099999999999789e-02
5.983000000000000124e-02
6.056799999999999684e-02
6.264300000000000423e-02
6.432400000000000617e-02
6.415700000000000569e-02
6.373099999999999599e-02
6.648300000000000043e-02
6.981600000000000306e-02
7.095200000000000118e-02
7.010299999999999865e-02
7.480499999999999650e-02
7.497199999999999698e-02
7.617100000000000259e-02
7.685999999999999777e-02
8.240699999999999414e-02
8.226700000000000679e-02
8.101500000000000368e-02
8.509899999999999409e-02
8.623500000000000609e-02
8.751899999999999957e-02
8.881400000000000405e-02
9.025700000000000389e-02
9.127799999999999803e-02
9.170799999999999785e-02
9.607899999999999774e-02
9.962000000000000022e-02
1.017099999999999949e-01
1.032900000000000068e-01
1.040200000000000014e-01
1.063199999999999978e-01
1.072099999999999997e-01
1.076399999999999996e-01
1.083199999999999996e-01
1.115099999999999980e-01
1.117599999999999982e-01
1.170999999999999958e-01
1.159499999999999975e-01
1.159099999999999991e-01
1.184599999999999959e-01
1.234399999999999942e-01
1.237100000000000005e-01
1.250799999999999967e-01
1.273499999999999910e-01
1.270699999999999885e-01
1.297200000000000020e-01
1.303999999999999881e-01
1.317399999999999960e-01
1.355000000000000093e-01
1.397700000000000053e-01
1.414900000000000047e-01
1.432400000000000062e-01
1.459399999999999864e-01
1.462900000000000034e-01
1.500499999999999889e-01
1.518700000000000050e-01
1.544000000000000095e-01
1.561899999999999955e-01
1.596899999999999986e-01
1.629099999999999993e-01
1.641600000000000004e-01
1.685599999999999876e-01
1.704100000000000059e-01
1.725399999999999989e-01
1.776500000000000024e-01
1.770899999999999974e-01
1.805200000000000138e-01
1.826599999999999890e-01
1.842399999999999871e-01
1.870400000000000118e-01
1.891899999999999971e-01
1.910900000000000098e-01
1.940900000000000125e-01
1.955600000000000116e-01
1.987700000000000022e-01
1.995599999999999874e-01
2.008000000000000063e-01
2.035299999999999887e-01
2.042299999999999949e-01
2.071099999999999886e-01
2.097100000000000075e-01
2.087799999999999934e-01
2.139800000000000035e-01
2.160199999999999898e-01
2.186899999999999955e-01
2.188599999999999990e-01
2.235699999999999910e-01
2.266299999999999981e-01
2.272500000000000075e-01
2.304599999999999982e-01
2.329199999999999882e-01
2.348500000000000032e-01
2.425799999999999901e-01
2.425299999999999956e-01
2.473700000000000065e-01
2.501800000000000135e-01
2.524299999999999877e-01
2.556200000000000139e-01
2.564699999999999758e-01
2.596300000000000274e-01
2.644799999999999929e-01
2.655699999999999728e-01
2.669799999999999951e-01
2.709400000000000142e-01
2.733599999999999919e-01
2.738900000000000223e-01
2.782399999999999873e-01
2.830599999999999783e-01
2.812100000000000155e-01
2.872000000000000108e-01
2.882299999999999862e-01
2.925400000000000222e-01
2.960200000000000053e-01
2.952899999999999969e-01
3.028100000000000236e-01
3.008100000000000218e-01
3.038000000000000145e-01
3.089100000000000179e-01
3.106700000000000017e-01
3.121200000000000085e-01
3.115499999999999936e-01
3.170299999999999785e-01
3.167900000000000160e-01
3.221399999999999819e-01
3.184400000000000008e-01
3.249500000000000166e-01
3.290100000000000247e-01
3.317399999999999793e-01
3.316899999999999848e-01
3.397299999999999764e-01
3.398300000000000209e-01
3.410199999999999898e-01
3.422499999999999987e-01
3.447899999999999854e-01
3.527399999999999980e-01
3.548700000000000188e-01
3.585699999999999998e-01
3.591500000000000248e-01
3.632799999999999918e-01
3.704700000000000215e-01
3.758299999999999974e-01
3.802099999999999924e-01
3.798000000000000265e-01
3.848400000000000154e-01
3.919199999999999906e-01
3.926299999999999790e-01
3.980699999999999794e-01
4.053499999999999881e-01
4.088300000000000267e-01
4.137799999999999812e-01
4.148700000000000165e-01
4.227000000000000202e-01
4.246300000000000074e-01
4.267299999999999982e-01
4.332799999999999985e-01
4.329500000000000015e-01
4.376200000000000090e-01
4.441399999999999793e-01
4.433599999999999763e-01
4.465700000000000225e-01
4.514199999999999879e-01
4.503400000000000181e-01
4.542900000000000271e-01
4.531000000000000028e-01
4.592800000000000216e-01
4.613700000000000023e-01
4.678599999999999981e-01
4.726099999999999746e-01
4.712399999999999922e-01
4.764499999999999846e-01
4.810300000000000131e-01
4.809999999999999831e-01
4.832099999999999729e-01
4.888399999999999967e-01
4.921099999999999919e-01
4.957300000000000040e-01
5.007599999999999829e-01
4.996599999999999930e-01
4.957199999999999940e-01
5.070200000000000262e-01
5.030900000000000372e-01
5.119700000000000362e-01
5.106000000000000538e-01
5.113400000000000167e-01
5.143299999999999539e-01
5.179300000000000015e-01
5.178800000000000070e-01
5.211299999999999821e-01
5.252000000000000002e-01
5.256499999999999506e-01
5.274699999999999944e-01
5.326199999999999823e-01
5.384600000000000497e-01
5.401399999999999535e-01
5.390000000000000346e-01
5.467300000000000493e-01
5.525900000000000256e-01
5.566299999999999581e-01
5.602700000000000458e-01
5.643299999999999983e-01
5.731199999999999628e-01
5.720499999999999474e-01
5.792300000000000226e-01
5.877200000000000202e-01
5.885299999999999976e-01
5.942699999999999649e-01
5.976799999999999891e-01
6.040100000000000469e-01
6.075500000000000345e-01
6.081299999999999484e-01
6.189599999999999547e-01
6.234899999999999887e-01
6.291700000000000070e-01
6.334600000000000231e-01
6.400599999999999623e-01
6.431499999999999995e-01
6.424900000000000055e-01
6.489200000000000523e-01
6.538800000000000168e-01
6.559599999999999875e-01
6.533499999999999863e-01
6.616600000000000259e-01
6.635699999999999932e-01
6.642500000000000071e-01
6.706400000000000139e-01
6.779300000000000326e-01
6.793099999999999694e-01
6.709199999999999608e-01
6.728499999999999481e-01
6.807699999999999863e-01
6.826400000000000245e-01
6.768199999999999772e-01
6.901500000000000412e-01
6.856400000000000272e-01
6.855099999999999527e-01
6.892800000000000038e-01
6.824200000000000266e-01
6.871599999999999930e-01
6.868800000000000461e-01
6.951199999999999601e-01
6.988699999999999912e-01
6.948900000000000077e-01
7.006799999999999695e-01
6.910600000000000076e-01
7.025099999999999678e-01
7.025000000000000133e-01
7.044899999999999496e-01
6.973200000000000509e-01
7.092800000000000216e-01
7.005099999999999660e-01
7.087900000000000311e-01
7.146900000000000475e-01
7.097099999999999520e-01
7.176399999999999446e-01
7.123000000000000442e-01
7.198900000000000299e-01
7.177099999999999591e-01
7.106900000000000439e-01
7.219499999999999806e-01
7.165500000000000203e-01
7.222600000000000131e-01
7.175399999999999556e-01
7.282600000000000184e-01
7.296099999999999808e-01
7.314800000000000191e-01
7.316300000000000026e-01
7.441699999999999982e-01
7.362100000000000311e-01
7.436000000000000387e-01
7.450999999999999845e-01
7.537199999999999456e-01
7.509400000000000519e-01
7.584400000000000031e-01
7.646300000000000319e-01
7.712200000000000166e-01
7.773799999999999599e-01
7.755100000000000326e-01
7.797800000000000287e-01
7.933400000000000452e-01
7.984499999999999931e-01
7.994499999999999940e-01
8.123500000000000165e-01
8.109199999999999742e-01
8.231899999999999773e-01
8.156600000000000517e-01
8.204299999999999926e-01
8.312599999999999989e-01
8.318200000000000038e-01
8.463899999999999757e-01
8.432600000000000096e-01
8.494599999999999929e-01
8.474099999999999966e-01
8.573499999999999455e-01
8.578599999999999559e-01
8.504500000000000393e-01
8.535500000000000309e-01
8.678000000000000158e-01
8.676500000000000323e-01
8.735199999999999632e-01
8.675699999999999523e-01
8.668500000000000094e-01
8.670299999999999674e-01
8.656899999999999595e-01
8.675300000000000233e-01
8.702499999999999680e-01
8.741299999999999626e-01
8.615099999999999980e-01
8.605000000000000426e-01
8.600299999999999612e-01
8.432500000000000551e-01
8.388400000000000301e-01
8.555000000000000382e-01
8.449999999999999734e-01
8.543199999999999683e-01
8.476200000000000401e-01
8.368799999999999573e-01
8.402100000000000124e-01
8.310999999999999499e-01
8.203799999999999981e-01
8.322500000000000453e-01
8.450400000000000134e-01
8.394300000000000095e-01
8.340300000000000491e-01
8.310600000000000209e-01
8.266099999999999559e-01
8.275900000000000478e-01
8.080199999999999605e-01
8.192500000000000338e-01
8.132300000000000084e-01
8.176400000000000334e-01
8.306099999999999595e-01
8.239699999999999802e-01
8.026999999999999691e-01
8.244700000000000362e-01
8.114999999999999991e-01
7.980599999999999916e-01
8.179600000000000204e-01
8.154000000000000137e-01
8.270300000000000429e-01
8.199999999999999512e-01
8.146600000000000508e-01
8.135700000000000154e-01
8.143399999999999528e-01
8.050500000000000433e-01
8.145000000000000018e-01
8.298999999999999710e-01
8.215900000000000425e-01
8.234799999999999898e-01
8.247700000000000031e-01
8.213200000000000500e-01
8.151199999999999557e-01
8.156900000000000261e-01
8.187600000000000433e-01
8.035499999999999865e-01
8.184500000000000108e-01
8.273300000000000098e-01
8.341899999999999871e-01
8.357400000000000384e-01
8.198199999999999932e-01
8.157100000000000461e-01
8.292800000000000171e-01
8.304200000000000470e-01
8.276900000000000368e-01
8.308799999999999519e-01
8.208400000000000141e-01
8.376000000000000112e-01
8.406500000000000083e-01
8.559700000000000086e-01
8.540400000000000214e-01
8.444599999999999884e-01
8.393800000000000150e-01
8.369100000000000428e-01
8.530100000000000460e-01
8.448499999999999899e-01
8.593399999999999928e-01
8.616899999999999560e-01
8.680099999999999483e-01
8.655500000000000416e-01
8.669599999999999529e-01
8.735699999999999577e-01
8.753100000000000325e-01
8.720499999999999918e-01
8.971200000000000285e-01
8.945999999999999508e-01
8.930500000000000105e-01
9.080000000000000293e-01
9.042299999999999782e-01
9.166199999999999903e-01
9.225499999999999812e-01
9.169699999999999518e-01
9.293900000000000494e-01
9.394700000000000273e-01
9.301300000000000123e-01
9.432599999999999874e-01
9.467700000000000005e-01
9.578699999999999992e-01
9.529699999999999838e-01
9.542800000000000171e-01
9.598999999999999755e-01
9.633800000000000141e-01
9.602100000000000080e-01
9.512399999999999745e-01
9.602600000000000025e-01
9.987000000000000322e-01
9.760999999999999677e-01
9.981200000000000072e-01
9.713500000000000467e-01
9.695200000000000484e-01
9.672899999999999832e-01
9.642300000000000315e-01
9.799400000000000333e-01
9.683899999999999730e-01
9.770400000000000196e-01
9.639199999999999990e-01
9.598200000000000065e-01
9.786599999999999744e-01
9.707299999999999818e-01
9.755800000000000027e-01
9.645799999999999930e-01
9.664199999999999458e-01
9.672300000000000342e-01
9.860600000000000476e-01
9.733500000000000485e-01
9.665899999999999492e-01
9.754199999999999537e-01
9.562000000000000499e-01
9.662899999999999823e-01
9.631699999999999706e-01
9.663000000000000478e-01
9.507700000000000040e-01
9.814899999999999736e-01
9.384700000000000264e-01
9.515299999999999869e-01
9.555599999999999650e-01
9.566299999999999804e-01
9.503899999999999570e-01
9.632899999999999796e-01
9.693599999999999994e-01
9.540100000000000247e-01
9.540100000000000247e-01
9.693599999999999994e-01
9.632899999999999796e-01
9.503899999999999570e-01
9.566299999999999804e-01
9.555599999999999650e-01
9.515299999999999869e-01
9.384700000000000264e-01
9.814899999999999736e-01
9.507700000000000040e-01
9.663000000000000478e-01
9.631699999999999706e-01
9.662899999999999823e-01
9.562000000000000499e-01
9.754199999999999537e-01
9.665899999999999492e-01
9.733500000000000485e-01
9.860600000000000476e-01
9.672300000000000342e-01
9.664199999999999458e-01
9.645799999999999930e-01
9.755800000000000027e-01
9.707299999999999818e-01
9.786599999999999744e-01
9.598200000000000065e-01
9.639199999999999990e-01
9.770400000000000196e-01
9.683899999999999730e-01
9.799400000000000333e-01
9.642300000000000315e-01
9.672899999999999832e-01
9.695200000000000484e-01
9.713500000000000467e-01
9.981200000000000072e-01
9.760999999999999677e-01
9.987000000000000322e-01
9.602600000000000025e-01
9.512399999999999745e-01
9.602100000000000080e-01
9.633800000000000141e-01
9.598999999999999755e-01
9.542800000000000171e-01
9.529699999999999838e-01
9.578699999999999992e-01
9.467700000000000005e-01
9.432599999999999874e-01
9.301300000000000123e-01
9.394700000000000273e-01
9.293900000000000494e-01
9.169699999999999518e-01
9.225499999999999812e-01
9.166199999999999903e-01
9.042299999999999782e-01
9.080000000000000293e-01
8.930500000000000105e-01
8.945999999999999508e-01
8.971200000000000285e-01
8.720499999999999918e-01
8.753100000000000325e-01
8.735699999999999577e-01
8.669599999999999529e-01
8.655500000000000416e-01
8.680099999999999483e-01
8.616899999999999560e-01
8.593399999999999928e-01
8.448499999999999899e-01
8.530100000000000460e-01
8.369100000000000428e-01
8.393800000000000150e-01
8.444599999999999884e-01
8.540400000000000214e-01
8.559700000000000086e-01
8.406500000000000083e-01
8.376000000000000112e-01
8.208400000000000141e-01
8.308799999999999519e-01
8.276900000000000368e-01
8.304200000000000470e-01
8.292800000000000171e-01
8.157100000000000461e-01
8.198199999999999932e-01
8.357400000000000384e-01
8.341899999999999871e-01
8.273300000000000098e-01
8.184500000000000108e-01
8.035499999999999865e-01
8.187600000000000433e-01
8.156900000000000261e-01
8.151199999999999557e-01
8.213200000000000500e-01
8.247700000000000031e-01
8.234799999999999898e-01
8.215900000000000425e-01
8.298999999999999710e-01
8.145000000000000018e-01
8.050500000000000433e-01
8.143399999999999528e-01
8.135700000000000154e-01
8.146600000000000508e-01
8.199999999999999512e-01
8.270300000000000429e-01
8.154000000000000137e-01
8.179600000000000204e-01
7.980599999999999916e-01
8.114999999999999991e-01
8.244700000000000362e-01
8.026999999999999691e-01
8.239699999999999802e-01
8.306099999999999595e-01
8.176400000000000334e-01
8.132300000000000084e-01
8.192500000000000338e-01
8.080199999999999605e-01
8.275900000000000478e-01
8.266099999999999559e-01
8.310600000000000209e-01
8.340300000000000491e-01
8.394300000000000095e-01
8.450400000000000134e-01
8.322500000000000453e-01
8.203799999999999981e-01
8.310999999999999499e-01
8.402100000000000124e-01
