1.1712 -0.10472 -0.12374 -0.12272 -0.066738 -0.078618 -0.013569 0.007356 0.013404 -0.017453 -0.0075968 0.00077465 0.00017757 0.001282 0.0011552 -0.012762 0.0025723 -0.0060002 -0.019265 -0.0016353 -0.082808 -0.062702 0.010029 0.0070339 -0.017213
-0.31492 1.064 0.020812 -0.28869 0.027808 0.0018604 -0.080822 -0.012611 0.018861 0.0034533 0.00281 -0.0045569 0.0012978 0.0061778 -0.00074933 -0.0013919 -0.010941 -0.011097 -0.060996 -0.00071287 0.0087899 -0.080494 -0.013265 0.021191 -0.0028337
-0.13742 -0.067411 1.1952 -0.22614 0.016406 0.008872 -0.017644 -0.090065 -0.0032095 0.00086064 -0.0033456 0.0014001 -0.0055549 0.001339 0.00025071 0.00070819 0.0045211 -0.017819 -0.0051885 -0.00014233 -0.0048395 -0.086901 -0.091803 -0.011212 -0.0020404
-0.056138 -0.0034571 0.12166 0.7704 -0.024492 0.0048286 -0.0018664 -0.028362 -0.05709 -0.0091709 -0.0025351 -0.00024006 -0.0010014 -0.0082911 0.0017419 0.0028942 0.006283 -0.0047518 -0.01097 0.00054144 -0.017033 -0.14347 -0.026257 -0.077189 -0.0087358
-0.044081 -0.0046205 0.054739 -0.28171 1.0437 -0.014412 0.00089062 0.0027335 4.1434e-05 -0.079356 0.0013636 0.001331 -0.00022441 0.0028655 0.0031889 -0.0062118 -0.0052444 -0.011759 0.0056094 -0.1035 0.00068693 -0.012512 -0.00039222 0.004091 -0.11037
-0.044931 -0.00010259 0.022431 -0.095352 -0.0070464 1.1606 -0.2251 -0.15588 -0.0072978 -0.096467 -0.10469 -0.011386 0.012668 0.0046302 -0.0091303 -0.0017175 0.00010137 -0.0054882 -0.0060906 -0.0030021 -0.011329 -0.016515 0.0018948 0.0018382 -0.0061614
-0.010451 -0.037562 0.014104 -0.10889 0.0057482 -0.24992 1.1401 -0.11497 -0.0052319 0.013095 -0.00056022 -0.099793 -0.0072376 0.0005061 0.0018297 3.1566e-05 -0.0020917 -0.007189 -0.0018321 -0.0036885 -0.003549 -0.014244 -0.0021269 -0.043594 -0.0085278
-0.0047293 -0.013959 0.084129 -0.57614 0.022874 -0.11668 -0.11103 1.0799 -0.1787 0.016642 -0.0022678 -0.017262 -0.0816 0.0052102 0.0043206 -0.0031834 -0.0037817 -0.0087355 0.0013946 -0.0027772 0.016704 0.063337 -0.015324 0.047184 -0.0078779
-0.0064871 -0.0013117 0.018572 -0.16099 -0.0021659 -0.01129 0.0089688 -0.1701 1.1204 -0.087805 -0.017784 -0.087905 -0.012045 -0.11035 -0.0039637 -0.0003297 0.00085849 -0.0038737 -0.0017797 -0.0018781 0.0037434 -0.0049319 0.002929 -0.01124 -0.0086455
-0.019259 -0.0080831 0.052992 -0.28502 -0.052463 -0.066995 0.0021632 0.0050917 -0.075625 1.0607 -0.011464 0.005632 0.0013294 -0.014066 -0.076338 -0.0067017 -0.0033026 -0.014073 -0.0026416 -0.011697 0.02063 0.00044251 0.0061022 0.027045 -0.028112
-0.016883 -0.0034354 0.060947 -0.29624 0.013069 -0.075165 -0.012613 0.0029005 0.0019939 -0.019582 1.123 -0.12125 -0.10223 -0.0044556 -0.10532 -0.046828 -0.0086252 -0.0089555 -0.00037046 -0.012332 0.0034826 0.0179 0.0053654 0.027035 -0.013406
-0.0069805 -0.0092643 -0.021501 0.1248 -0.0030732 -0.013702 -0.072022 0.00016277 -0.15686 0.0063351 -0.25264 1.0937 -0.090408 0.00042083 0.012044 -0.0039151 -0.048413 -0.012523 -0.0092428 -0.0011713 0.0066885 -0.052136 0.0016491 -0.011115 -0.016525
-0.0054029 -0.0054309 0.086995 -0.46848 0.016669 -0.00011873 -0.017094 -0.065919 0.019101 -0.0049777 -0.063496 -0.095788 1.1048 -0.20968 0.0022256 0.00064985 -0.013819 -0.052075 -0.0017359 -0.00017287 0.01365 0.057549 -0.0091526 0.042984 -0.013455
-0.0077766 -0.012623 0.16991 -0.83083 0.031462 0.0005072 -0.0013815 -0.0098356 -0.0085263 -0.020007 -0.0029686 0.0075145 -0.15859 1.0792 -0.11991 -0.004413 -0.0078894 -0.015594 -0.041957 -0.0098524 0.024591 0.1006 0.0039769 0.062217 -0.011225
-0.0047947 -0.0031517 0.026304 -0.12679 -0.0066797 -0.0096112 -0.0021958 -0.00030035 0.004568 -0.17067 -0.066697 0.001898 0.0042125 -0.10245 1.0418 -0.010104 0.0014795 -0.0046539 -0.010638 -0.048595 0.011131 -0.0040789 0.0030098 0.011812 -0.017732
-0.0055588 -0.010362 0.024527 -0.13115 0.0060437 -0.011352 0.00094981 0.0024491 0.0086021 -0.0033758 -0.073809 -0.0095375 0.0062494 0.0035431 -0.010258 1.095 -0.0792 -0.14278 -0.011895 -0.067084 -0.083353 -0.023957 0.012374 0.017752 -0.027086
-0.0039096 -0.0057977 0.020783 -0.091418 0.0041306 0.0030574 -0.013611 0.0010145 0.0047469 -0.0039595 -0.0080642 -0.060094 -0.010043 0.00055219 0.0015678 -0.18704 1.0387 -0.096323 -0.0081691 0.0083873 0.0051816 -0.10086 -0.0098776 0.013758 -0.048769
-0.0098723 -0.015012 0.018249 -0.096483 0.0030255 0.00092724 0.00092346 -0.011418 0.0076049 -0.0030854 0.00075364 -0.014761 -0.05919 -0.0053291 0.0014758 -0.050572 -0.064727 1.0671 -0.16531 0.008693 0.0062761 -0.025684 -0.095721 0.0013862 -0.0037858
-0.012588 -0.06031 0.0454 -0.25765 0.011033 0.0015089 0.0036388 0.0051746 0.0061994 -0.0007895 -0.00072807 0.0015788 -0.013539 -0.061239 -0.0085334 -0.012286 0.0063658 -0.11993 1.0614 -0.040841 0.0077699 0.020071 -0.013122 -0.089862 -0.012178
-0.0006103 -0.00087985 0.039115 -0.18885 -0.018687 0.0016805 -0.0014143 0.0010237 0.01534 -0.021004 -0.015244 0.00084164 0.00057504 -0.015586 -0.044889 -0.06205 -0.012628 -0.0062877 -0.065596 1.0464 0.015976 0.0088146 0.0044043 0.022226 -0.29612
-0.061301 -0.017374 0.020915 -0.16426 -0.0050081 -0.0093099 -0.0093997 0.0010115 0.011206 -0.01308 -0.016867 -0.0009019 0.00029676 0.0011557 0.00010738 -0.054626 -0.015088 -0.0080535 -0.0092307 -0.016736 1.1586 0.017718 -0.15926 0.0001728 -0.08435
-0.031251 -0.052988 0.022782 -0.33518 0.01166 -0.0054642 -0.014949 0.0041044 0.022336 -0.011963 -0.0005544 -0.016198 -0.00033209 0.0038117 -0.0018387 -0.032144 -0.049788 -0.017614 -0.010359 -0.0064637 0.13496 1.0878 -0.12942 0.0058726 -0.017356
0.0020833 -0.013349 0.0014151 -0.22663 0.012447 -0.0031832 -0.013946 -0.0077879 0.013838 -0.004424 0.0029211 -0.00049101 -0.016971 0.0054649 -0.00081511 -0.0021652 -0.010115 -0.050742 -0.0099923 0.00086899 -0.21722 -0.069929 1.1601 -0.23436 0.017148
-0.0078742 -0.006703 0.11119 -0.59617 0.011205 -0.0012492 -0.067503 0.0048276 0.029329 -0.0033826 0.0013329 0.0043124 0.0030668 -0.017742 0.00083734 -0.012376 -5.5176e-05 -0.013669 -0.045049 -0.016248 -0.0009591 0.018535 -0.23576 1.157 -0.053739
-0.011501 -0.0063386 0.038192 -0.17044 -0.054037 0.0020321 0.0014934 0.0010554 0.012692 -0.00901 0.0011339 0.0035223 0.0018028 0.00014694 -0.01074 -0.023721 -0.05575 -0.016474 -0.016846 -0.084367 -0.081653 -0.0027745 0.0054964 -0.10867 1.0828
