1.3145 -0.16048 -0.11241 -0.063824 -0.07547 -0.086821 -0.013144 0.0041978 0.010499 -0.019821 -0.0043692 -0.001113 -0.0023476 0.0067707 0.0034676 -0.080672 0.025424 0.06735 -0.1365 0.0093151 -0.098495 -0.042603 0.0018386 0.016417 -0.066772
-0.19233 1.2684 -0.22777 -0.033785 0.010976 -0.0089965 -0.09533 -0.0044537 0.0070289 -0.00057361 0.006077 -0.0078553 0.00021813 0.016596 0.0020219 -0.061575 0.0039153 0.097079 -0.2985 0.011862 -0.0060512 -0.1187 -0.0086491 0.022752 -0.0029764
-0.090946 -0.16759 1.2153 -0.11463 0.010064 0.0077572 -0.011367 -0.093046 -0.010991 -0.0009023 -0.0030342 0.0011221 -0.0059061 0.0017709 0.00094428 -0.014151 0.012642 -0.0071863 -0.034692 0.0023771 -0.01485 -0.076538 -0.096528 -0.018376 -0.0054791
-0.056073 0.0080882 -0.17474 1.2077 -0.03831 0.0055758 0.0015621 -0.015469 -0.083675 -0.013977 -0.00077771 -0.0033941 -0.00072083 -0.011528 0.0031117 -0.014749 0.017239 0.015382 -0.036094 0.0044677 -0.065344 -0.069375 -0.018616 -0.10721 -0.047744
-0.10219 -0.019862 0.0096253 -0.11726 1.0509 -0.0079902 0.00044507 0.0026566 -0.011364 -0.074893 0.010966 -0.012629 -0.006258 0.0022936 0.011433 -0.19743 0.25421 0.041609 -7.2008e-05 -0.07302 0.054725 -0.016639 -0.0099528 0.054121 -0.66001
-0.08293 -0.0024102 0.0068593 0.00016551 -0.0074765 1.1497 -0.22081 -0.15403 -0.014176 -0.095925 -0.10287 -0.012224 0.011953 0.003392 -0.0087635 -0.0095341 0.0080604 0.00046848 -0.0041579 -0.0016824 -0.018141 6.6619e-06 -0.001408 -0.0062402 -0.016609
-0.0078422 -0.080113 -0.016426 0.00065812 0.001695 -0.24445 1.1281 -0.1128 -0.012442 0.011738 -0.00034154 -0.099085 -0.0076246 -0.00065861 0.002077 -0.011076 0.012199 0.00019418 -0.0036611 -0.0023658 -0.0055538 -0.022247 -0.002049 -0.051655 -0.0077418
0.0037127 -0.014607 -0.072681 -0.008487 0.0016106 -0.11305 -0.10556 1.05 -0.21121 0.0094978 -0.0034695 -0.017432 -0.079361 -0.0008855 0.0051214 0.0019023 -0.00089156 -0.0058735 -0.0010976 -0.0028643 -0.0015757 -0.00024621 -0.01554 -0.0044626 -0.0048872
-0.0011815 0.0014644 -0.017426 -0.075091 -0.0049022 -0.011204 0.0087659 -0.16581 1.0881 -0.086794 -0.017173 -0.087796 -0.01209 -0.10892 -0.0036195 -0.0049698 0.01758 0.0023084 -0.002122 -0.00087641 -0.0020241 -0.0041601 0.002198 -0.017251 -0.019159
-0.021443 -0.0048848 -0.0029669 -0.020907 -0.059323 -0.065778 0.0018412 0.0028944 -0.093174 1.0503 -0.010192 0.0027808 -0.00013803 -0.01723 -0.074924 -0.039137 0.033579 0.0018673 8.1232e-05 -0.0064119 0.0079535 -0.0026792 -0.00031286 0.0057789 -0.067023
-0.018703 0.0026301 -6.0933e-05 -0.00091366 0.0029478 -0.071306 -0.011963 0.00027129 -0.017554 -0.022164 1.0892 -0.11632 -0.10059 -0.0077538 -0.10057 -0.12465 -0.0048173 0.017197 -0.0012456 -0.0058065 -0.0028188 0.00010533 -0.00023679 -0.00035669 -0.019682
-0.0067356 -0.010725 0.0022744 0.0063189 0.0014903 -0.013294 -0.069431 0.000837 -0.14238 0.007371 -0.24012 1.0553 -0.087246 0.0012525 0.011378 -0.027173 -0.086159 -0.0038089 -0.003093 0.0013312 0.003435 -0.0039921 0.00031345 -0.0019262 -0.010461
-0.0012268 -0.0012007 -0.016426 0.00061183 -0.00023656 0.00040562 -0.015382 -0.066353 -0.012361 -0.01005 -0.060619 -0.09271 1.0738 -0.20906 0.0031016 -0.015167 -0.0039098 -0.092416 0.00046781 0.001818 0.001592 -0.00051419 -0.0073743 0.00064586 -0.015535
-0.003011 -0.001456 0.00050724 -0.016144 0.0033503 0.0014227 -0.00013637 -0.015837 -0.062656 -0.029107 -0.0039259 0.0049337 -0.15475 1.0544 -0.116 -0.018841 0.028519 -0.022108 -0.081871 -0.004055 0.0025254 -0.0014022 -0.00055709 -0.0053737 -0.040976
0.00045064 0.00071762 0.0030231 0.0038124 -0.0076262 -0.0091138 -0.0032852 -0.001941 -0.0043133 -0.17091 -0.062716 -0.0012259 0.0026242 -0.10255 1.0347 -0.076464 0.056157 0.015403 -0.024015 -0.03833 0.011522 -0.0038166 -0.0022663 0.0090041 -0.093823
-0.022984 -0.040791 -0.0051303 -0.018081 0.011054 -0.0075149 -0.00047283 -0.0019127 0.0018239 -0.0038291 -0.06735 -0.033178 -0.018215 0.0065283 -0.0049477 0.90099 0.2299 0.25147 -0.17345 -0.041132 -0.064763 -0.044242 -0.027618 0.04017 -0.23517
-0.013452 -0.034202 -0.0075842 -0.023097 0.00056879 -0.0025402 -0.0067714 0.0022038 0.0014656 -0.0050463 -0.043558 -0.049124 -0.004597 0.0064052 -0.0032866 0.42941 0.70592 -0.1013 -0.10423 -0.028073 -0.049002 -0.069429 -0.0027762 0.018139 -0.040132
-0.034592 -0.065089 -0.015775 -0.009565 0.0074255 0.0005488 0.0078548 -0.0094965 -0.00059696 -0.0028877 -0.013745 -0.0081212 -0.061104 -0.019376 -0.0012196 0.21011 -0.23668 1.0587 0.062447 -0.0088785 -0.0071021 -0.0045164 -0.097663 -0.0157 -0.12812
-0.054594 -0.0433 -0.018641 -0.016378 0.0084177 0.0081101 0.0035546 0.00029525 -0.010015 -0.0013092 0.022628 -0.0018954 -0.034298 -0.066777 -0.0035904 -0.37495 0.037859 0.25433 1.0266 -0.012379 0.036265 0.0021538 -0.048349 -0.10651 -0.095604
0.020116 0.013258 0.019828 0.021167 0.0090526 0.0028781 -0.0084301 -0.0033408 0.00020382 -0.016199 -0.002059 -0.020281 -0.0070623 -0.013942 -0.032659 -0.35307 0.39022 0.051393 -0.11303 1.1145 0.095137 -0.029385 -0.010886 0.10464 -1.1473
-0.095306 -0.023698 0.022824 -0.07169 -0.0018993 -0.0042369 -0.0058815 -0.0011323 0.0044829 -0.009788 -0.011237 0.0021978 -0.00037144 0.00037065 0.00092101 -0.077784 -0.037711 -0.0028366 -0.0029906 -0.009411 0.98593 -0.037856 -0.079932 -0.012833 -0.10947
-0.014968 -0.10432 -0.053778 -0.0342 0.0040748 -0.0019323 -0.0074061 0.0045081 0.0022118 -0.011765 0.0049636 -0.014352 0.0011773 0.0012699 -0.001338 -0.022589 -0.095907 -0.019081 -0.014902 -0.00057768 -0.18514 1.1693 -0.11986 -0.009514 -0.00087937
0.015567 -0.012173 -0.10461 -0.0074968 0.0037952 -0.0035884 -0.011894 -0.0038536 -0.00011196 -0.0065902 0.0023128 -0.00046892 -0.014125 0.00343 -0.00049548 -0.00040534 0.0054336 -0.092929 -0.0050213 0.0014548 -0.21536 -0.11063 1.1555 -0.24961 0.017052
0.0021393 0.0058245 -0.013662 -0.10253 -0.0050043 -0.001622 -0.066767 0.0026238 -0.0036047 -0.0092108 9.5981e-05 0.0035668 0.0042628 -0.020603 0.0022239 0.0016272 -0.0096456 -0.01846 -0.081689 -0.0127 -0.0319 0.0081539 -0.2352 1.111 -0.092598
-0.014036 -0.027125 -0.02466 -0.025012 -0.036664 0.0055784 -0.0034147 0.003746 0.0025476 -0.0090679 0.0069202 -0.026322 -0.00024953 0.0013316 -0.0064579 -0.2685 0.5073 -0.10411 -0.05111 -0.023749 -0.057296 -0.038369 0.0044083 -0.085889 0.82055
