1.47848e-07 -1.76079e-07 -2.82305e-08 
1.45983e-07 -1.73304e-07 -2.73218e-08 
1.43715e-07 -1.70276e-07 -2.65604e-08 
1.42008e-07 -1.67612e-07 -2.56038e-08 
1.40034e-07 -1.64826e-07 -2.47922e-08 
1.38061e-07 -1.61905e-07 -2.38434e-08 
1.36047e-07 -1.59076e-07 -2.30289e-08 
1.3428e-07 -1.56399e-07 -2.21191e-08 
1.3255e-07 -1.53795e-07 -2.12458e-08 
1.3073e-07 -1.51061e-07 -2.03307e-08 
1.28862e-07 -1.48199e-07 -1.93376e-08 
1.27066e-07 -1.45498e-07 -1.84322e-08 
1.25097e-07 -1.42625e-07 -1.75282e-08 
1.23296e-07 -1.39875e-07 -1.65785e-08 
1.21518e-07 -1.37161e-07 -1.56436e-08 
1.19837e-07 -1.34504e-07 -1.46669e-08 
1.18196e-07 -1.31834e-07 -1.36384e-08 
1.16525e-07 -1.29213e-07 -1.26884e-08 
1.14707e-07 -1.26449e-07 -1.17422e-08 
1.13047e-07 -1.23879e-07 -1.08317e-08 
1.1138e-07 -1.21228e-07 -9.84802e-09 
1.0968e-07 -1.18531e-07 -8.85064e-09 
1.08061e-07 -1.15803e-07 -7.74171e-09 
1.06613e-07 -1.13381e-07 -6.76772e-09 
1.04846e-07 -1.10703e-07 -5.85646e-09 
1.03291e-07 -1.08183e-07 -4.89237e-09 
1.01675e-07 -1.05567e-07 -3.8915e-09 
1.00127e-07 -1.03136e-07 -3.00842e-09 
9.87564e-08 -1.00751e-07 -1.99428e-09 
9.72691e-08 -9.82623e-08 -9.93133e-10 
9.567e-08 -9.5715e-08 -4.49631e-11 
9.42569e-08 -9.32763e-08 9.80563e-10 
9.27119e-08 -9.06483e-08 2.06359e-09 
9.12872e-08 -8.81697e-08 3.1175e-09 
8.99465e-08 -8.57294e-08 4.21703e-09 
8.82697e-08 -8.30717e-08 5.19807e-09 
8.67435e-08 -8.04738e-08 6.26973e-09 
8.51914e-08 -7.79344e-08 7.25703e-09 
8.36338e-08 -7.53587e-08 8.27502e-09 
8.24233e-08 -7.31639e-08 9.25942e-09 
8.10528e-08 -7.07634e-08 1.02894e-08 
7.96801e-08 -6.84084e-08 1.12718e-08 
7.81983e-08 -6.59653e-08 1.2233e-08 
7.68053e-08 -6.3584e-08 1.32213e-08 
7.54428e-08 -6.12785e-08 1.41643e-08 
7.42114e-08 -5.89914e-08 1.522e-08 
7.29656e-08 -5.67136e-08 1.62519e-08 
7.17482e-08 -5.44344e-08 1.73137e-08 
7.03669e-08 -5.21116e-08 1.82553e-08 
6.91412e-08 -4.98365e-08 1.93047e-08 
6.79621e-08 -4.75774e-08 2.03847e-08 
6.66944e-08 -4.53423e-08 2.13521e-08 
6.5413e-08 -4.29545e-08 2.24585e-08 
6.41271e-08 -4.07737e-08 2.33534e-08 
6.30802e-08 -3.87004e-08 2.43798e-08 
6.20254e-08 -3.65891e-08 2.54363e-08 
6.08273e-08 -3.44146e-08 2.64127e-08 
5.96987e-08 -3.22291e-08 2.74696e-08 
5.85234e-08 -3.00911e-08 2.84324e-08 
5.74732e-08 -2.80156e-08 2.94575e-08 
5.62355e-08 -2.58955e-08 3.03399e-08 
5.51229e-08 -2.37447e-08 3.13782e-08 
5.41162e-08 -2.17783e-08 3.23379e-08 
5.30646e-08 -1.96982e-08 3.33664e-08 
5.18089e-08 -1.74774e-08 3.43315e-08 
5.06669e-08 -1.54396e-08 3.52274e-08 
4.97525e-08 -1.33876e-08 3.63649e-08 
4.87131e-08 -1.14304e-08 3.72827e-08 
4.74781e-08 -9.27426e-09 3.82038e-08 
4.63793e-08 -7.28833e-09 3.9091e-08 
4.55048e-08 -5.3334e-09 4.01714e-08 
4.44809e-08 -3.36588e-09 4.11151e-08 
4.35807e-08 -1.50351e-09 4.20772e-08 
4.24881e-08 5.5586e-10 4.3044e-08 
4.16388e-08 2.29973e-09 4.39386e-08 
4.06102e-08 4.21819e-09 4.48284e-08 
3.96917e-08 6.08471e-09 4.57764e-08 
3.88677e-08 7.8671e-09 4.67348e-08 
3.77282e-08 9.74189e-09 4.74701e-08 
3.67749e-08 1.15144e-08 4.82892e-08 
3.5893e-08 1.33275e-08 4.92205e-08 
3.50181e-08 1.51437e-08 5.01618e-08 
3.41189e-08 1.6985e-08 5.11039e-08 
3.31395e-08 1.87443e-08 5.18838e-08 
3.22289e-08 2.03977e-08 5.26266e-08 
3.11647e-08 2.22017e-08 5.33664e-08 
3.03406e-08 2.38401e-08 5.41808e-08 
2.94891e-08 2.55285e-08 5.50177e-08 
2.86437e-08 2.719e-08 5.58336e-08 
2.77899e-08 2.88397e-08 5.66296e-08 
2.69214e-08 3.04746e-08 5.73961e-08 
2.61195e-08 3.20989e-08 5.82184e-08 
2.50537e-08 3.38494e-08 5.89032e-08 
2.41026e-08 3.55017e-08 5.96042e-08 
2.31932e-08 3.70633e-08 6.02565e-08 
2.2246e-08 3.86619e-08 6.09079e-08 
2.15587e-08 4.01713e-08 6.173e-08 
2.06486e-08 4.17832e-08 6.24317e-08 
1.95525e-08 4.34449e-08 6.29974e-08 
1.86915e-08 4.50101e-08 6.37016e-08 
1.78176e-08 4.65989e-08 6.44164e-08 
1.68373e-08 4.82017e-08 6.50389e-08 
1.61328e-08 4.96446e-08 6.57773e-08 
1.51997e-08 5.10917e-08 6.62914e-08 
1.43726e-08 5.24963e-08 6.68689e-08 
1.33782e-08 5.40033e-08 6.73815e-08 
1.24456e-08 5.55357e-08 6.79814e-08 
1.14959e-08 5.7133e-08 6.86289e-08 
1.0764e-08 5.83707e-08 6.91347e-08 
9.96701e-09 5.96875e-08 6.96545e-08 
9.17053e-09 6.10475e-08 7.0218e-08 
8.30945e-09 6.24031e-08 7.07125e-08 
7.51418e-09 6.37335e-08 7.12477e-08 
6.51126e-09 6.51979e-08 7.17091e-08 
5.69828e-09 6.64711e-08 7.21694e-08 
4.81992e-09 6.78444e-08 7.26643e-08 
4.03092e-09 6.92248e-08 7.32557e-08 
3.1131e-09 7.06641e-08 7.37772e-08 
2.42699e-09 7.18211e-08 7.42481e-08 
1.43673e-09 7.32015e-08 7.46383e-08 
6.19602e-10 7.44804e-08 7.51e-08 
-1.2127e-10 7.56732e-08 7.55519e-08 
-1.10382e-09 7.70205e-08 7.59167e-08 
-2.13245e-09 7.83708e-08 7.62384e-08 
-3.10042e-09 7.96166e-08 7.65161e-08 
-3.94005e-09 8.09498e-08 7.70097e-08 
-4.90376e-09 8.20876e-08 7.71838e-08 
-5.98243e-09 8.33819e-08 7.73994e-08 
-7.06116e-09 8.47529e-08 7.76917e-08 
-8.0282e-09 8.58835e-08 7.78553e-08 
-8.91055e-09 8.70816e-08 7.81711e-08 
-9.49423e-09 8.8096e-08 7.86018e-08 
-1.04776e-08 8.93457e-08 7.88681e-08 
-1.13728e-08 9.04879e-08 7.9115e-08 
-1.22485e-08 9.16123e-08 7.93638e-08 
-1.30326e-08 9.2645e-08 7.96125e-08 
-1.4108e-08 9.3831e-08 7.9723e-08 
-1.50048e-08 9.4906e-08 7.99012e-08 
-1.60196e-08 9.60241e-08 8.00045e-08 
-1.68668e-08 9.69983e-08 8.01315e-08 
-1.81789e-08 9.83189e-08 8.014e-08 
-1.87914e-08 9.91322e-08 8.03407e-08 
-1.97588e-08 1.00218e-07 8.04592e-08 
-2.08233e-08 1.01315e-07 8.04919e-08 
-2.18759e-08 1.02291e-07 8.04154e-08 
-2.31736e-08 1.03529e-07 8.03553e-08 
-2.41177e-08 1.04361e-07 8.02431e-08 
-2.51448e-08 1.05407e-07 8.02621e-08 
-2.6183e-08 1.06391e-07 8.02084e-08 
-2.72681e-08 1.075e-07 8.02324e-08 
-2.83529e-08 1.08541e-07 8.01885e-08 
-2.95887e-08 1.09567e-07 7.99778e-08 
-3.08028e-08 1.10624e-07 7.98207e-08 
-3.17581e-08 1.11382e-07 7.9624e-08 
-3.25533e-08 1.12159e-07 7.96055e-08 
-3.38288e-08 1.13228e-07 7.93989e-08 
-3.51404e-08 1.14426e-07 7.92858e-08 
-3.61738e-08 1.15318e-07 7.91438e-08 
-3.70189e-08 1.16072e-07 7.90526e-08 
-3.83838e-08 1.17255e-07 7.88711e-08 
-3.96027e-08 1.18102e-07 7.84993e-08 
-4.09309e-08 1.19068e-07 7.81373e-08 
-4.1987e-08 1.20013e-07 7.80261e-08 
-4.29603e-08 1.20736e-07 7.77761e-08 
-4.40768e-08 1.21561e-07 7.74844e-08 
-4.50531e-08 1.22425e-07 7.73723e-08 
-4.63191e-08 1.23277e-07 7.69583e-08 
-4.74987e-08 1.24264e-07 7.67654e-08 
-4.87616e-08 1.25241e-07 7.64793e-08 
-5.01091e-08 1.26246e-07 7.61371e-08 
-5.14634e-08 1.27231e-07 7.57673e-08 
-5.29211e-08 1.28106e-07 7.51847e-08 
-5.41474e-08 1.28959e-07 7.48119e-08 
-5.55831e-08 1.29728e-07 7.4145e-08 
-5.69308e-08 1.30718e-07 7.37868e-08 
-5.83179e-08 1.31584e-07 7.32663e-08 
-5.96577e-08 1.324e-07 7.27421e-08 
-6.09797e-08 1.3329e-07 7.23104e-08 
-6.24924e-08 1.34291e-07 7.17983e-08 
-6.38617e-08 1.35153e-07 7.12911e-08 
-6.54982e-08 1.36199e-07 7.07009e-08 
-6.69845e-08 1.37311e-07 7.03261e-08 
-6.83416e-08 1.38081e-07 6.97396e-08 
-6.96536e-08 1.38764e-07 6.91102e-08 
-7.12471e-08 1.39729e-07 6.84817e-08 
-7.27387e-08 1.40687e-07 6.79485e-08 
-7.43046e-08 1.41493e-07 6.71882e-08 
-7.58455e-08 1.42228e-07 6.63827e-08 
-7.74339e-08 1.43121e-07 6.56875e-08 
-7.87473e-08 1.43983e-07 6.52356e-08 
-8.03773e-08 1.44833e-07 6.44559e-08 
-8.18959e-08 1.45633e-07 6.37367e-08 
-8.3419e-08 1.46552e-07 6.31333e-08 
-8.50745e-08 1.47415e-07 6.23404e-08 
-8.67951e-08 1.48176e-07 6.13805e-08 
-8.84495e-08 1.49098e-07 6.06489e-08 
-9.0344e-08 1.50158e-07 5.98141e-08 
-9.16906e-08 1.50838e-07 5.91477e-08 
-9.32924e-08 1.51625e-07 5.83324e-08 
-9.50115e-08 1.52455e-07 5.74436e-08 
-9.66083e-08 1.53243e-07 5.66343e-08 
-9.84447e-08 1.54233e-07 5.57883e-08 
-1.00116e-07 1.55066e-07 5.49493e-08 
-1.01676e-07 1.55874e-07 5.41979e-08 
-1.03468e-07 1.56668e-07 5.32e-08 
-1.05368e-07 1.57603e-07 5.22347e-08 
-1.07032e-07 1.58374e-07 5.13417e-08 
-1.08664e-07 1.59122e-07 5.04577e-08 
-1.106e-07 1.60035e-07 4.94349e-08 
-1.12531e-07 1.60914e-07 4.83832e-08 
-1.14459e-07 1.61822e-07 4.73628e-08 
-1.16306e-07 1.62595e-07 4.62891e-08 
-1.18307e-07 1.63569e-07 4.52624e-08 
-1.19967e-07 1.6428e-07 4.4313e-08 
-1.21798e-07 1.65243e-07 4.34443e-08 
-1.23946e-07 1.66282e-07 4.23354e-08 
-1.25917e-07 1.67227e-07 4.13109e-08 
-1.27774e-07 1.68135e-07 4.0361e-08 
-1.29836e-07 1.69134e-07 3.92984e-08 
-1.31965e-07 1.70065e-07 3.81001e-08 
-1.33894e-07 1.70735e-07 3.68414e-08 
-1.35922e-07 1.71609e-07 3.56875e-08 
-1.38098e-07 1.72631e-07 3.4533e-08 
-1.40198e-07 1.73579e-07 3.33815e-08 
-1.42385e-07 1.74545e-07 3.216e-08 
-1.44386e-07 1.75346e-07 3.09606e-08 
-1.46475e-07 1.76204e-07 2.97296e-08 
-1.4859e-07 1.77205e-07 2.86159e-08 
-1.50523e-07 1.77947e-07 2.74241e-08 
-1.52709e-07 1.78789e-07 2.60795e-08 
-1.5464e-07 1.79673e-07 2.50335e-08 
-1.56895e-07 1.80673e-07 2.37778e-08 
-1.59172e-07 1.81668e-07 2.24962e-08 
-1.61098e-07 1.82473e-07 2.1375e-08 
-1.63447e-07 1.83381e-07 1.99345e-08 
-1.65551e-07 1.8426e-07 1.87092e-08 
-1.67636e-07 1.85184e-07 1.7548e-08 
-1.69874e-07 1.86192e-07 1.63178e-08 
-1.72189e-07 1.87216e-07 1.50267e-08 
-1.74578e-07 1.8826e-07 1.36822e-08 
-1.76861e-07 1.89295e-07 1.24335e-08 
-1.78972e-07 1.90305e-07 1.13325e-08 
-1.81432e-07 1.91418e-07 9.98612e-09 
-1.83641e-07 1.92317e-07 8.6762e-09 
-1.85953e-07 1.9332e-07 7.36713e-09 
-1.88364e-07 1.94164e-07 5.80035e-09 
-1.90701e-07 1.95111e-07 4.41069e-09 
-1.9297e-07 1.96054e-07 3.08438e-09 
-1.9526e-07 1.96898e-07 1.63783e-09 
-1.9763e-07 1.97909e-07 2.79528e-10 
-2.00008e-07 1.98731e-07 -1.27687e-09 
-2.02249e-07 1.99678e-07 -2.57124e-09 
-2.04628e-07 2.00627e-07 -4.0009e-09 
-2.06917e-07 2.01564e-07 -5.35282e-09 
-2.09356e-07 2.02639e-07 -6.7171e-09 
-2.1185e-07 2.03577e-07 -8.27312e-09 
-2.1412e-07 2.04611e-07 -9.50857e-09 
-2.16477e-07 2.05653e-07 -1.08241e-08 
-2.18652e-07 2.06486e-07 -1.21654e-08 
-2.21286e-07 2.07644e-07 -1.36419e-08 
-2.23924e-07 2.0883e-07 -1.50937e-08 
-2.26278e-07 2.0978e-07 -1.64974e-08 
-2.28714e-07 2.10816e-07 -1.78979e-08 
-2.30807e-07 2.11645e-07 -1.91619e-08 
-2.33258e-07 2.12582e-07 -2.06767e-08 
-2.35681e-07 2.13533e-07 -2.21475e-08 
-2.38122e-07 2.14543e-07 -2.3579e-08 
-2.406e-07 2.1574e-07 -2.48601e-08 
-2.4286e-07 2.16578e-07 -2.62817e-08 
-2.45503e-07 2.17666e-07 -2.78366e-08 
-2.47604e-07 2.18489e-07 -2.91155e-08 
-2.50412e-07 2.19641e-07 -3.07703e-08 
-2.52926e-07 2.20737e-07 -3.21884e-08 
-2.55157e-07 2.21646e-07 -3.35112e-08 
-2.57762e-07 2.22605e-07 -3.5157e-08 
-2.60053e-07 2.2351e-07 -3.65425e-08 
-2.62648e-07 2.24598e-07 -3.80502e-08 
-2.65033e-07 2.25615e-07 -3.94181e-08 
-2.67619e-07 2.26706e-07 -4.09128e-08 
-2.70304e-07 2.27843e-07 -4.24607e-08 
-2.72829e-07 2.28953e-07 -4.3876e-08 
-2.75624e-07 2.30196e-07 -4.54276e-08 
-2.78123e-07 2.31387e-07 -4.67359e-08 
-2.80607e-07 2.32474e-07 -4.8133e-08 
-2.83141e-07 2.33588e-07 -4.95535e-08 
-2.85422e-07 2.34613e-07 -5.08093e-08 
-2.87869e-07 2.35564e-07 -5.23048e-08 
-2.90603e-07 2.36705e-07 -5.38976e-08 
-2.93121e-07 2.37787e-07 -5.53342e-08 
-2.95383e-07 2.38896e-07 -5.6487e-08 
-2.98106e-07 2.40218e-07 -5.78876e-08 
-3.00626e-07 2.41192e-07 -5.94343e-08 
-3.0311e-07 2.42286e-07 -6.08244e-08 
-3.05724e-07 2.4346e-07 -6.22635e-08 
-3.08153e-07 2.44434e-07 -6.37189e-08 
-3.10437e-07 2.45343e-07 -6.50937e-08 
-3.1291e-07 2.46406e-07 -6.65043e-08 
-3.15208e-07 2.47422e-07 -6.77857e-08 
-3.17965e-07 2.48545e-07 -6.94195e-08 
-3.20419e-07 2.49612e-07 -7.08071e-08 
-3.22965e-07 2.50791e-07 -7.2174e-08 
-3.25544e-07 2.51961e-07 -7.35833e-08 
-3.27766e-07 2.52912e-07 -7.48545e-08 
-3.30231e-07 2.54048e-07 -7.61832e-08 
-3.32738e-07 2.55034e-07 -7.77044e-08 
-3.35177e-07 2.56196e-07 -7.89807e-08 
-3.37618e-07 2.57266e-07 -8.03521e-08 
-3.39932e-07 2.58257e-07 -8.16758e-08 
-3.42046e-07 2.59206e-07 -8.28399e-08 
-3.44662e-07 2.60375e-07 -8.4287e-08 
-3.46952e-07 2.6141e-07 -8.55416e-08 
-3.49213e-07 2.62481e-07 -8.67321e-08 
-3.51626e-07 2.63568e-07 -8.80589e-08 
-3.54025e-07 2.64589e-07 -8.94353e-08 
-3.56157e-07 2.65527e-07 -9.06299e-08 
-3.58405e-07 2.66535e-07 -9.187e-08 
-3.60727e-07 2.67523e-07 -9.32048e-08 
-3.62775e-07 2.68454e-07 -9.43213e-08 
-3.65185e-07 2.69474e-07 -9.57108e-08 
-3.67388e-07 2.70458e-07 -9.69306e-08 
-3.69685e-07 2.7154e-07 -9.81451e-08 
-3.71903e-07 2.72512e-07 -9.93907e-08 
-3.74272e-07 2.7353e-07 -1.00742e-07 
-3.76427e-07 2.74385e-07 -1.02041e-07 
-3.78524e-07 2.75356e-07 -1.03168e-07 
-3.80546e-07 2.76228e-07 -1.04318e-07 
-3.82628e-07 2.77234e-07 -1.05394e-07 
-3.84744e-07 2.78197e-07 -1.06547e-07 
-3.86753e-07 2.79163e-07 -1.0759e-07 
-3.88767e-07 2.80136e-07 -1.08631e-07 
-3.91126e-07 2.81185e-07 -1.09941e-07 
-3.93215e-07 2.8211e-07 -1.11106e-07 
-3.95187e-07 2.8303e-07 -1.12156e-07 
-3.97219e-07 2.83977e-07 -1.13241e-07 
-3.9945e-07 2.84928e-07 -1.14522e-07 
-4.0146e-07 2.85863e-07 -1.15598e-07 
-4.03341e-07 2.86671e-07 -1.1667e-07 
-4.05319e-07 2.87586e-07 -1.17733e-07 
-4.07177e-07 2.88325e-07 -1.18852e-07 
-4.08895e-07 2.89064e-07 -1.19831e-07 
-4.10702e-07 2.9001e-07 -1.20692e-07 
-4.12509e-07 2.90821e-07 -1.21688e-07 
-4.14401e-07 2.91696e-07 -1.22706e-07 
-4.16232e-07 2.92634e-07 -1.23598e-07 
-4.18154e-07 2.93535e-07 -1.24619e-07 
-4.20093e-07 2.94535e-07 -1.25559e-07 
-4.21764e-07 2.95235e-07 -1.26529e-07 
-4.23198e-07 2.95888e-07 -1.27309e-07 
-4.24802e-07 2.96643e-07 -1.2816e-07 
-4.26323e-07 2.97147e-07 -1.29176e-07 
-4.28074e-07 2.97903e-07 -1.30171e-07 
-4.29645e-07 2.98822e-07 -1.30823e-07 
-4.31173e-07 2.99621e-07 -1.31552e-07 
-4.32571e-07 3.0022e-07 -1.32351e-07 
-4.34259e-07 3.0101e-07 -1.33249e-07 
-4.3568e-07 3.01669e-07 -1.34011e-07 
-4.37053e-07 3.02309e-07 -1.34743e-07 
-4.38558e-07 3.03005e-07 -1.35553e-07 
-4.40137e-07 3.03698e-07 -1.36439e-07 
-4.4149e-07 3.04341e-07 -1.37149e-07 
-4.42792e-07 3.05e-07 -1.37792e-07 
-4.44197e-07 3.0562e-07 -1.38577e-07 
-4.45469e-07 3.06338e-07 -1.39131e-07 
-4.46443e-07 3.06676e-07 -1.39767e-07 
-4.47704e-07 3.07267e-07 -1.40437e-07 
-4.48952e-07 3.07703e-07 -1.41248e-07 
-4.50162e-07 3.08298e-07 -1.41864e-07 
-4.514e-07 3.08909e-07 -1.42491e-07 
-4.5232e-07 3.09279e-07 -1.43041e-07 
-4.53455e-07 3.09732e-07 -1.43723e-07 
-4.5445e-07 3.10227e-07 -1.44223e-07 
-4.5538e-07 3.10704e-07 -1.44677e-07 
-4.56307e-07 3.11186e-07 -1.45121e-07 
-4.57391e-07 3.11609e-07 -1.45782e-07 
-4.58109e-07 3.11927e-07 -1.46182e-07 
-4.59049e-07 3.1237e-07 -1.46679e-07 
-4.59852e-07 3.12647e-07 -1.47205e-07 
-4.60552e-07 3.13032e-07 -1.4752e-07 
-4.61364e-07 3.13339e-07 -1.48025e-07 
-4.62401e-07 3.13803e-07 -1.48598e-07 
-4.6308e-07 3.14137e-07 -1.48943e-07 
-4.6357e-07 3.14298e-07 -1.49271e-07 
-4.64291e-07 3.14612e-07 -1.49679e-07 
-4.64752e-07 3.14701e-07 -1.50051e-07 
-4.64966e-07 3.14703e-07 -1.50262e-07 
-4.65318e-07 3.14941e-07 -1.50377e-07 
-4.65688e-07 3.15108e-07 -1.5058e-07 
-4.65973e-07 3.15164e-07 -1.50809e-07 
-4.66277e-07 3.15149e-07 -1.51128e-07 
-4.66523e-07 3.15196e-07 -1.51327e-07 
-4.66856e-07 3.15357e-07 -1.51499e-07 
-4.67192e-07 3.15376e-07 -1.51816e-07 
-4.67304e-07 3.15293e-07 -1.52012e-07 
-4.67622e-07 3.15419e-07 -1.52204e-07 
-4.67603e-07 3.15296e-07 -1.52307e-07 
-4.67751e-07 3.15259e-07 -1.52492e-07 
-4.67804e-07 3.15256e-07 -1.52547e-07 
-4.67748e-07 3.15166e-07 -1.52581e-07 
-4.67859e-07 3.15057e-07 -1.52802e-07 
-4.67664e-07 3.14805e-07 -1.52859e-07 
-4.67481e-07 3.14559e-07 -1.52921e-07 
-4.67409e-07 3.14365e-07 -1.53043e-07 
-4.67157e-07 3.14198e-07 -1.52959e-07 
-4.66906e-07 3.1395e-07 -1.52956e-07 
-4.66618e-07 3.13647e-07 -1.52971e-07 
-4.66221e-07 3.13385e-07 -1.52836e-07 
-4.65608e-07 3.12856e-07 -1.52752e-07 
-4.65327e-07 3.12681e-07 -1.52647e-07 
-4.64765e-07 3.12292e-07 -1.52473e-07 
-4.64147e-07 3.11895e-07 -1.52252e-07 
-4.63544e-07 3.11506e-07 -1.52038e-07 
-4.62963e-07 3.11049e-07 -1.51914e-07 
-4.62148e-07 3.10491e-07 -1.51657e-07 
-4.61481e-07 3.09841e-07 -1.5164e-07 
-4.60647e-07 3.0926e-07 -1.51387e-07 
-4.59586e-07 3.08505e-07 -1.51081e-07 
-4.58755e-07 3.0791e-07 -1.50845e-07 
-4.57885e-07 3.07271e-07 -1.50614e-07 
-4.57095e-07 3.06688e-07 -1.50407e-07 
-4.56079e-07 3.05971e-07 -1.50108e-07 
-4.55123e-07 3.05363e-07 -1.4976e-07 
-4.54062e-07 3.04668e-07 -1.49395e-07 
-4.52855e-07 3.03906e-07 -1.48949e-07 
-4.51737e-07 3.0304e-07 -1.48697e-07 
-4.50493e-07 3.02302e-07 -1.48191e-07 
-4.49445e-07 3.01556e-07 -1.47888e-07 
-4.47989e-07 3.00558e-07 -1.47431e-07 
-4.46457e-07 2.9961e-07 -1.46847e-07 
-4.44995e-07 2.98724e-07 -1.46272e-07 
-4.43559e-07 2.97752e-07 -1.45807e-07 
-4.42136e-07 2.96735e-07 -1.45401e-07 
-4.40582e-07 2.95739e-07 -1.44844e-07 
-4.38863e-07 2.94626e-07 -1.44238e-07 
-4.3736e-07 2.93616e-07 -1.43744e-07 
-4.35852e-07 2.9261e-07 -1.43242e-07 
-4.34182e-07 2.9153e-07 -1.42652e-07 
-4.32483e-07 2.90287e-07 -1.42195e-07 
-4.30631e-07 2.8902e-07 -1.41611e-07 
-4.28608e-07 2.87641e-07 -1.40967e-07 
-4.26754e-07 2.86292e-07 -1.40461e-07 
-4.24736e-07 2.84976e-07 -1.3976e-07 
-4.22581e-07 2.8348e-07 -1.39101e-07 
-4.2056e-07 2.82069e-07 -1.38491e-07 
-4.18445e-07 2.80722e-07 -1.37724e-07 
-4.16204e-07 2.79337e-07 -1.36867e-07 
-4.14048e-07 2.77828e-07 -1.36221e-07 
-4.11686e-07 2.76149e-07 -1.35537e-07 
-4.09264e-07 2.74426e-07 -1.34838e-07 
-4.06916e-07 2.72873e-07 -1.34043e-07 
-4.04408e-07 2.71222e-07 -1.33186e-07 
-4.02027e-07 2.69539e-07 -1.32488e-07 
-3.99564e-07 2.67991e-07 -1.31573e-07 
-3.97221e-07 2.66476e-07 -1.30745e-07 
-3.94535e-07 2.64592e-07 -1.29943e-07 
-3.91742e-07 2.62607e-07 -1.29134e-07 
-3.89128e-07 2.60846e-07 -1.28282e-07 
-3.86372e-07 2.5904e-07 -1.27332e-07 
-3.8367e-07 2.57089e-07 -1.2658e-07 
-3.80917e-07 2.5524e-07 -1.25678e-07 
-3.78156e-07 2.53365e-07 -1.24791e-07 
-3.7528e-07 2.51344e-07 -1.23936e-07 
-3.72504e-07 2.49359e-07 -1.23145e-07 
-3.69529e-07 2.47429e-07 -1.221e-07 
-3.66423e-07 2.45249e-07 -1.21174e-07 
-3.63248e-07 2.42966e-07 -1.20282e-07 
-3.59873e-07 2.40622e-07 -1.19251e-07 
-3.56642e-07 2.38449e-07 -1.18192e-07 
-3.53375e-07 2.36309e-07 -1.17066e-07 
-3.50042e-07 2.3399e-07 -1.16052e-07 
-3.46824e-07 2.31592e-07 -1.15232e-07 
-3.4351e-07 2.29194e-07 -1.14316e-07 
-3.39907e-07 2.26768e-07 -1.1314e-07 
-3.36281e-07 2.24345e-07 -1.11936e-07 
-3.32791e-07 2.21972e-07 -1.10819e-07 
-3.29224e-07 2.19411e-07 -1.09813e-07 
-3.25693e-07 2.16826e-07 -1.08867e-07 
-3.22015e-07 2.14209e-07 -1.07806e-07 
-3.18345e-07 2.11587e-07 -1.06758e-07 
-3.14714e-07 2.09115e-07 -1.05599e-07 
-3.10819e-07 2.06238e-07 -1.04581e-07 
-3.07042e-07 2.03605e-07 -1.03437e-07 
-3.03366e-07 2.0098e-07 -1.02386e-07 
-2.99324e-07 1.98201e-07 -1.01123e-07 
-2.95357e-07 1.9548e-07 -9.98768e-08 
-2.91097e-07 1.92624e-07 -9.84725e-08 
-2.8733e-07 1.89929e-07 -9.74017e-08 
-2.83333e-07 1.87038e-07 -9.6295e-08 
-2.79358e-07 1.84116e-07 -9.52422e-08 
-2.7539e-07 1.81197e-07 -9.41921e-08 
-2.71241e-07 1.78239e-07 -9.30018e-08 
-2.67045e-07 1.7527e-07 -9.17744e-08 
-2.6272e-07 1.7215e-07 -9.05705e-08 
-2.58418e-07 1.68959e-07 -8.94588e-08 
-2.54091e-07 1.65801e-07 -8.82905e-08 
-2.49723e-07 1.62616e-07 -8.71072e-08 
-2.45231e-07 1.59426e-07 -8.5805e-08 
-2.4055e-07 1.56039e-07 -8.45117e-08 
-2.35972e-07 1.52697e-07 -8.32748e-08 
-2.31352e-07 1.49318e-07 -8.20334e-08 
-2.2669e-07 1.4594e-07 -8.075e-08 
-2.22148e-07 1.42753e-07 -7.93951e-08 
-2.17641e-07 1.39531e-07 -7.81099e-08 
-2.13004e-07 1.36068e-07 -7.69363e-08 
-2.08117e-07 1.32432e-07 -7.56855e-08 
-2.03486e-07 1.2903e-07 -7.44561e-08 
-1.98947e-07 1.25649e-07 -7.32982e-08 
-1.94113e-07 1.22069e-07 -7.20437e-08 
-1.89175e-07 1.18349e-07 -7.08258e-08 
-1.84112e-07 1.14622e-07 -6.94898e-08 
-1.7923e-07 1.11002e-07 -6.82279e-08 
-1.74337e-07 1.07215e-07 -6.71225e-08 
-1.69341e-07 1.03534e-07 -6.58074e-08 
-1.64375e-07 9.99718e-08 -6.44027e-08 
-1.59408e-07 9.62693e-08 -6.3139e-08 
-1.53862e-07 9.21528e-08 -6.17087e-08 
-1.48845e-07 8.85223e-08 -6.03225e-08 
-1.43931e-07 8.48746e-08 -5.90566e-08 
-1.3864e-07 8.09276e-08 -5.77119e-08 
-1.33187e-07 7.68167e-08 -5.63706e-08 
-1.27787e-07 7.27415e-08 -5.50457e-08 
-1.22431e-07 6.87349e-08 -5.36956e-08 
-1.16945e-07 6.46685e-08 -5.22766e-08 
-1.11964e-07 6.08179e-08 -5.1146e-08 
-1.06885e-07 5.68478e-08 -5.00371e-08 
-1.01692e-07 5.2729e-08 -4.8963e-08 
-9.61001e-08 4.8441e-08 -4.76592e-08 
-9.08118e-08 4.43557e-08 -4.64561e-08 
-8.55884e-08 4.02783e-08 -4.53101e-08 
-8.01116e-08 3.61749e-08 -4.39367e-08 
-7.46576e-08 3.19788e-08 -4.26788e-08 
-6.90552e-08 2.76108e-08 -4.14444e-08 
-6.35915e-08 2.32804e-08 -4.03111e-08 
-5.79009e-08 1.89605e-08 -3.89404e-08 
-5.22379e-08 1.45397e-08 -3.76982e-08 
-4.67358e-08 1.03599e-08 -3.63759e-08 
-4.10319e-08 5.97124e-09 -3.50606e-08 
-3.53576e-08 1.59331e-09 -3.37643e-08 
-2.98643e-08 -2.73155e-09 -3.25958e-08 
-2.41385e-08 -7.18961e-09 -3.13282e-08 
-1.86149e-08 -1.15162e-08 -3.01311e-08 
-1.27284e-08 -1.62011e-08 -2.89295e-08 
-6.83231e-09 -2.0871e-08 -2.77033e-08 
-1.09177e-09 -2.52861e-08 -2.63779e-08 
4.70157e-09 -2.99771e-08 -2.52755e-08 
1.06317e-08 -3.46701e-08 -2.40384e-08 
1.63287e-08 -3.93565e-08 -2.30278e-08 
2.24214e-08 -4.40433e-08 -2.16219e-08 
2.83985e-08 -4.88043e-08 -2.04058e-08 
3.43377e-08 -5.35733e-08 -1.92356e-08 
4.03083e-08 -5.83568e-08 -1.80485e-08 
4.62572e-08 -6.32068e-08 -1.69496e-08 
5.19998e-08 -6.77054e-08 -1.57056e-08 
5.79507e-08 -7.24885e-08 -1.45378e-08 
6.3852e-08 -7.73366e-08 -1.34846e-08 
6.98569e-08 -8.2142e-08 -1.22851e-08 
7.57384e-08 -8.68683e-08 -1.11299e-08 
8.16323e-08 -9.15974e-08 -9.96506e-09 
8.76648e-08 -9.66012e-08 -8.93647e-09 
9.34847e-08 -1.01353e-07 -7.86827e-09 
9.93741e-08 -1.06242e-07 -6.86813e-09 
1.05286e-07 -1.11117e-07 -5.83052e-09 
1.1135e-07 -1.16108e-07 -4.7585e-09 
1.17475e-07 -1.21068e-07 -3.5928e-09 
1.23154e-07 -1.25889e-07 -2.73559e-09 
1.29077e-07 -1.30871e-07 -1.79334e-09 
1.35199e-07 -1.35944e-07 -7.44677e-10 
1.4161e-07 -1.41322e-07 2.87628e-10 
1.47448e-07 -1.46215e-07 1.2332e-09 
1.53344e-07 -1.51133e-07 2.21038e-09 
1.59547e-07 -1.56163e-07 3.3837e-09 
1.65599e-07 -1.61262e-07 4.33704e-09 
1.71592e-07 -1.6636e-07 5.2313e-09 
1.77679e-07 -1.71495e-07 6.18385e-09 
1.83662e-07 -1.76471e-07 7.19093e-09 
1.89555e-07 -1.81435e-07 8.12059e-09 
1.95575e-07 -1.86554e-07 9.02158e-09 
2.01642e-07 -1.91674e-07 9.9681e-09 
2.07747e-07 -1.96909e-07 1.08381e-08 
2.13887e-07 -2.02182e-07 1.17051e-08 
2.19869e-07 -2.07422e-07 1.24476e-08 
2.25965e-07 -2.12514e-07 1.34512e-08 
2.3179e-07 -2.17471e-07 1.43188e-08 
2.37874e-07 -2.22724e-07 1.51496e-08 
2.43845e-07 -2.27735e-07 1.61098e-08 
2.49765e-07 -2.32909e-07 1.68561e-08 
2.5569e-07 -2.38221e-07 1.74688e-08 
2.61822e-07 -2.43499e-07 1.83235e-08 
2.67537e-07 -2.48556e-07 1.89811e-08 
2.73609e-07 -2.53822e-07 1.97867e-08 
2.79499e-07 -2.59002e-07 2.04972e-08 
2.85449e-07 -2.6428e-07 2.11689e-08 
2.9157e-07 -2.69565e-07 2.20052e-08 
2.97273e-07 -2.74705e-07 2.25682e-08 
3.03215e-07 -2.79908e-07 2.33071e-08 
3.08991e-07 -2.85138e-07 2.38527e-08 
3.14607e-07 -2.90224e-07 2.43829e-08 
3.20424e-07 -2.95329e-07 2.50945e-08 
3.26458e-07 -3.00682e-07 2.57759e-08 
3.32424e-07 -3.06031e-07 2.63929e-08 
3.38036e-07 -3.11179e-07 2.68572e-08 
3.43979e-07 -3.16469e-07 2.75094e-08 
3.49631e-07 -3.21626e-07 2.80057e-08 
3.55414e-07 -3.26891e-07 2.8523e-08 
3.61215e-07 -3.32142e-07 2.90732e-08 
3.66914e-07 -3.3748e-07 2.94336e-08 
3.72344e-07 -3.42471e-07 2.98731e-08 
3.77868e-07 -3.47541e-07 3.03265e-08 
3.83525e-07 -3.52686e-07 3.08393e-08 
3.89259e-07 -3.57938e-07 3.13207e-08 
3.95061e-07 -3.63185e-07 3.18765e-08 
4.00316e-07 -3.68137e-07 3.21788e-08 
4.05788e-07 -3.73304e-07 3.24846e-08 
4.11365e-07 -3.78442e-07 3.29227e-08 
4.16852e-07 -3.83652e-07 3.31995e-08 
4.22532e-07 -3.88955e-07 3.35766e-08 
4.27948e-07 -3.94212e-07 3.37368e-08 
4.33402e-07 -3.99348e-07 3.40531e-08 
4.38733e-07 -4.04342e-07 3.43907e-08 
4.4415e-07 -4.09515e-07 3.46348e-08 
4.49623e-07 -4.14666e-07 3.4957e-08 
4.55005e-07 -4.19787e-07 3.52175e-08 
4.60124e-07 -4.2487e-07 3.52538e-08 
4.65635e-07 -4.30013e-07 3.56213e-08 
4.71043e-07 -4.35237e-07 3.58069e-08 
4.76141e-07 -4.40199e-07 3.5942e-08 
4.81334e-07 -4.45224e-07 3.61096e-08 
4.86478e-07 -4.50318e-07 3.61605e-08 
4.91567e-07 -4.55203e-07 3.63642e-08 
4.96606e-07 -4.60158e-07 3.64478e-08 
5.01489e-07 -4.6512e-07 3.63689e-08 
5.06467e-07 -4.69946e-07 3.65217e-08 
5.11443e-07 -4.74854e-07 3.65887e-08 
5.16366e-07 -4.79673e-07 3.66922e-08 
5.21101e-07 -4.84467e-07 3.66341e-08 
5.25962e-07 -4.89274e-07 3.66882e-08 
5.30779e-07 -4.94183e-07 3.65959e-08 
5.35764e-07 -4.99142e-07 3.6622e-08 
5.40432e-07 -5.03927e-07 3.65052e-08 
5.45445e-07 -5.08859e-07 3.65857e-08 
5.50106e-07 -5.13542e-07 3.65641e-08 
5.54822e-07 -5.18326e-07 3.64954e-08 
5.59454e-07 -5.23104e-07 3.63501e-08 
5.63905e-07 -5.27807e-07 3.60972e-08 
5.68548e-07 -5.32719e-07 3.58297e-08 
5.73142e-07 -5.37479e-07 3.56623e-08 
5.77718e-07 -5.42241e-07 3.54773e-08 
5.82116e-07 -5.46824e-07 3.52924e-08 
5.86235e-07 -5.51167e-07 3.50681e-08 
5.90603e-07 -5.55785e-07 3.48184e-08 
5.94944e-07 -5.60411e-07 3.45327e-08 
5.9913e-07 -5.6488e-07 3.42507e-08 
6.03284e-07 -5.69364e-07 3.39205e-08 
6.07377e-07 -5.73824e-07 3.35527e-08 
6.11476e-07 -5.78253e-07 3.32226e-08 
6.15289e-07 -5.82364e-07 3.29248e-08 
6.1924e-07 -5.86735e-07 3.2505e-08 
6.23186e-07 -5.91027e-07 3.21593e-08 
6.27005e-07 -5.95422e-07 3.15835e-08 
6.3089e-07 -5.99809e-07 3.10804e-08 
6.34769e-07 -6.04156e-07 3.06128e-08 
6.38596e-07 -6.08378e-07 3.02175e-08 
6.4217e-07 -6.12506e-07 2.96634e-08 
6.45925e-07 -6.16643e-07 2.92819e-08 
6.49843e-07 -6.21007e-07 2.88354e-08 
6.53518e-07 -6.25194e-07 2.83234e-08 
6.57113e-07 -6.29272e-07 2.78413e-08 
6.60576e-07 -6.33374e-07 2.72025e-08 
6.64025e-07 -6.3733e-07 2.66955e-08 
6.67431e-07 -6.41375e-07 2.60553e-08 
6.70955e-07 -6.45314e-07 2.5641e-08 
6.74248e-07 -6.49331e-07 2.49174e-08 
6.77333e-07 -6.52993e-07 2.43405e-08 
6.80656e-07 -6.56866e-07 2.37901e-08 
6.83898e-07 -6.60814e-07 2.30842e-08 
6.87038e-07 -6.64673e-07 2.23658e-08 
6.89844e-07 -6.68362e-07 2.14823e-08 
6.92871e-07 -6.72141e-07 2.07304e-08 
6.95847e-07 -6.75812e-07 2.00354e-08 
6.98742e-07 -6.79431e-07 1.93103e-08 
7.01403e-07 -6.82857e-07 1.85457e-08 
7.04216e-07 -6.86422e-07 1.77941e-08 
7.06807e-07 -6.89965e-07 1.68425e-08 
7.0941e-07 -6.93342e-07 1.60676e-08 
7.118e-07 -6.96656e-07 1.51433e-08 
7.14589e-07 -7.0015e-07 1.44395e-08 
7.17081e-07 -7.03526e-07 1.35547e-08 
7.19696e-07 -7.06959e-07 1.27376e-08 
7.21852e-07 -7.10098e-07 1.17541e-08 
7.24229e-07 -7.13334e-07 1.08945e-08 
7.26591e-07 -7.16454e-07 1.01377e-08 
7.2876e-07 -7.19496e-07 9.26354e-09 
7.30656e-07 -7.22518e-07 8.1385e-09 
7.32643e-07 -7.25394e-07 7.24873e-09 
7.34638e-07 -7.28328e-07 6.3107e-09 
7.3685e-07 -7.31411e-07 5.43884e-09 
7.39033e-07 -7.34466e-07 4.56612e-09 
7.40908e-07 -7.37436e-07 3.47256e-09 
7.42693e-07 -7.40193e-07 2.5002e-09 
7.44409e-07 -7.42844e-07 1.56484e-09 
7.461e-07 -7.4558e-07 5.19947e-10 
7.47764e-07 -7.48361e-07 -5.96117e-10 
7.49258e-07 -7.50958e-07 -1.70019e-09 
7.50816e-07 -7.53609e-07 -2.79266e-09 
7.52357e-07 -7.56309e-07 -3.95158e-09 
7.53862e-07 -7.58758e-07 -4.89655e-09 
7.55148e-07 -7.61211e-07 -6.06377e-09 
7.56398e-07 -7.63631e-07 -7.23259e-09 
7.5761e-07 -7.66058e-07 -8.44813e-09 
7.58927e-07 -7.68455e-07 -9.52843e-09 
7.60178e-07 -7.70774e-07 -1.05956e-08 
7.61072e-07 -7.72937e-07 -1.18645e-08 
7.62273e-07 -7.75167e-07 -1.28936e-08 
7.63293e-07 -7.77315e-07 -1.4022e-08 
7.64198e-07 -7.79434e-07 -1.52363e-08 
7.65058e-07 -7.81505e-07 -1.64464e-08 
7.66111e-07 -7.83577e-07 -1.74653e-08 
7.66794e-07 -7.85445e-07 -1.86513e-08 
7.67499e-07 -7.87416e-07 -1.99169e-08 
7.68214e-07 -7.89337e-07 -2.11234e-08 
7.68662e-07 -7.90996e-07 -2.23342e-08 
7.69011e-07 -7.92691e-07 -2.368e-08 
7.69582e-07 -7.94405e-07 -2.48235e-08 
7.69698e-07 -7.95979e-07 -2.62808e-08 
7.70295e-07 -7.97689e-07 -2.73943e-08 
7.70453e-07 -7.99182e-07 -2.87299e-08 
7.70672e-07 -8.00741e-07 -3.00695e-08 
7.7076e-07 -8.0212e-07 -3.13605e-08 
7.70815e-07 -8.03435e-07 -3.26207e-08 
7.70843e-07 -8.048e-07 -3.39569e-08 
7.70955e-07 -8.06171e-07 -3.52153e-08 
7.70895e-07 -8.07499e-07 -3.66031e-08 
7.70764e-07 -8.08719e-07 -3.79551e-08 
7.70601e-07 -8.09895e-07 -3.92939e-08 
7.70104e-07 -8.10896e-07 -4.07915e-08 
7.70029e-07 -8.12038e-07 -4.20087e-08 
7.69536e-07 -8.1289e-07 -4.33548e-08 
7.69236e-07 -8.13853e-07 -4.46169e-08 
7.68976e-07 -8.14784e-07 -4.58078e-08 
7.6845e-07 -8.156e-07 -4.715e-08 
7.68108e-07 -8.16566e-07 -4.84577e-08 
7.67349e-07 -8.17121e-07 -4.97719e-08 
7.66744e-07 -8.17762e-07 -5.10184e-08 
7.66114e-07 -8.18443e-07 -5.23286e-08 
7.65267e-07 -8.19011e-07 -5.37447e-08 
7.64489e-07 -8.19538e-07 -5.50489e-08 
7.63606e-07 -8.19964e-07 -5.63585e-08 
7.62654e-07 -8.20245e-07 -5.75903e-08 
7.61624e-07 -8.20523e-07 -5.88991e-08 
7.606e-07 -8.20878e-07 -6.02784e-08 
7.59406e-07 -8.21031e-07 -6.16255e-08 
7.58127e-07 -8.2118e-07 -6.30524e-08 
7.56922e-07 -8.21312e-07 -6.439e-08 
7.5548e-07 -8.2124e-07 -6.57603e-08 
7.53952e-07 -8.21044e-07 -6.70922e-08 
7.52845e-07 -8.21166e-07 -6.83209e-08 
7.51356e-07 -8.2101e-07 -6.9654e-08 
7.49781e-07 -8.20766e-07 -7.09844e-08 
7.48135e-07 -8.20569e-07 -7.24345e-08 
7.46519e-07 -8.20305e-07 -7.37858e-08 
7.44723e-07 -8.19796e-07 -7.50733e-08 
7.42998e-07 -8.19474e-07 -7.6476e-08 
7.41288e-07 -8.19058e-07 -7.77701e-08 
7.3966e-07 -8.18699e-07 -7.90394e-08 
7.37511e-07 -8.18024e-07 -8.05132e-08 
7.35619e-07 -8.17514e-07 -8.18948e-08 
7.33755e-07 -8.16986e-07 -8.32309e-08 
7.31709e-07 -8.16359e-07 -8.46502e-08 
7.29579e-07 -8.15514e-07 -8.59348e-08 
7.27513e-07 -8.14703e-07 -8.71904e-08 
7.25498e-07 -8.13899e-07 -8.84011e-08 
7.23261e-07 -8.13068e-07 -8.98074e-08 
7.21193e-07 -8.12257e-07 -9.1063e-08 
7.18972e-07 -8.11411e-07 -9.24384e-08 
7.16775e-07 -8.10434e-07 -9.36588e-08 
7.14384e-07 -8.09392e-07 -9.50084e-08 
7.12021e-07 -8.08242e-07 -9.62203e-08 
7.09572e-07 -8.07148e-07 -9.75758e-08 
7.06854e-07 -8.05748e-07 -9.8894e-08 
7.04274e-07 -8.04405e-07 -1.00131e-07 
7.01698e-07 -8.03025e-07 -1.01327e-07 
6.98925e-07 -8.01634e-07 -1.0271e-07 
6.96072e-07 -8.0025e-07 -1.04178e-07 
6.93319e-07 -7.98742e-07 -1.05423e-07 
6.90695e-07 -7.97264e-07 -1.06569e-07 
6.87756e-07 -7.95577e-07 -1.0782e-07 
6.84956e-07 -7.93917e-07 -1.08961e-07 
6.82026e-07 -7.92254e-07 -1.10228e-07 
6.79052e-07 -7.90422e-07 -1.1137e-07 
6.7584e-07 -7.88473e-07 -1.12633e-07 
6.72805e-07 -7.86592e-07 -1.13787e-07 
6.69654e-07 -7.84658e-07 -1.15004e-07 
6.66574e-07 -7.82647e-07 -1.16072e-07 
6.63425e-07 -7.80662e-07 -1.17237e-07 
6.60247e-07 -7.78547e-07 -1.18299e-07 
6.57177e-07 -7.76583e-07 -1.19406e-07 
6.53866e-07 -7.74398e-07 -1.20532e-07 
6.50635e-07 -7.72268e-07 -1.21633e-07 
6.47196e-07 -7.69908e-07 -1.22712e-07 
6.44006e-07 -7.6791e-07 -1.23904e-07 
6.40423e-07 -7.65425e-07 -1.25002e-07 
6.37021e-07 -7.63008e-07 -1.25987e-07 
6.33474e-07 -7.60616e-07 -1.27143e-07 
6.29854e-07 -7.58166e-07 -1.28312e-07 
6.26232e-07 -7.5563e-07 -1.29398e-07 
6.22745e-07 -7.53212e-07 -1.30467e-07 
6.19287e-07 -7.50606e-07 -1.31319e-07 
6.15454e-07 -7.47871e-07 -1.32418e-07 
6.11703e-07 -7.4512e-07 -1.33417e-07 
6.08056e-07 -7.42448e-07 -1.34392e-07 
6.0419e-07 -7.39525e-07 -1.35335e-07 
6.00235e-07 -7.367e-07 -1.36466e-07 
5.96268e-07 -7.33789e-07 -1.37521e-07 
5.92339e-07 -7.30842e-07 -1.38503e-07 
5.88385e-07 -7.27796e-07 -1.39411e-07 
5.8451e-07 -7.24838e-07 -1.40329e-07 
5.80383e-07 -7.21698e-07 -1.41314e-07 
5.76244e-07 -7.18431e-07 -1.42188e-07 
5.72211e-07 -7.15324e-07 -1.43112e-07 
5.68259e-07 -7.12121e-07 -1.43862e-07 
5.64165e-07 -7.08858e-07 -1.44693e-07 
5.59878e-07 -7.0545e-07 -1.45572e-07 
5.55936e-07 -7.02148e-07 -1.46212e-07 
5.51522e-07 -6.98642e-07 -1.47121e-07 
5.47445e-07 -6.95179e-07 -1.47734e-07 
5.43351e-07 -6.91817e-07 -1.48466e-07 
5.39085e-07 -6.88252e-07 -1.49167e-07 
5.34629e-07 -6.8465e-07 -1.50021e-07 
5.30193e-07 -6.81027e-07 -1.50834e-07 
5.25972e-07 -6.77503e-07 -1.51531e-07 
5.21769e-07 -6.73811e-07 -1.52042e-07 
5.1743e-07 -6.70127e-07 -1.52697e-07 
5.13065e-07 -6.66393e-07 -1.53328e-07 
5.08601e-07 -6.62826e-07 -1.54225e-07 
5.04296e-07 -6.58982e-07 -1.54686e-07 
4.99876e-07 -6.55129e-07 -1.55253e-07 
4.95538e-07 -6.51368e-07 -1.5583e-07 
4.91137e-07 -6.47535e-07 -1.56397e-07 
4.86727e-07 -6.43584e-07 -1.56856e-07 
4.8238e-07 -6.39727e-07 -1.57346e-07 
4.78066e-07 -6.35945e-07 -1.57879e-07 
4.7331e-07 -6.31719e-07 -1.58409e-07 
4.68692e-07 -6.27578e-07 -1.58886e-07 
4.6425e-07 -6.23476e-07 -1.59225e-07 
4.5973e-07 -6.19441e-07 -1.59712e-07 
4.55278e-07 -6.15258e-07 -1.5998e-07 
4.50698e-07 -6.10936e-07 -1.60238e-07 
4.46031e-07 -6.06861e-07 -1.60829e-07 
4.4107e-07 -6.02369e-07 -1.61298e-07 
4.36464e-07 -5.98062e-07 -1.61597e-07 
4.31434e-07 -5.93638e-07 -1.62203e-07 
4.26923e-07 -5.89371e-07 -1.62447e-07 
4.22301e-07 -5.84958e-07 -1.62657e-07 
4.17565e-07 -5.80516e-07 -1.62951e-07 
4.1305e-07 -5.76148e-07 -1.63099e-07 
4.0842e-07 -5.71671e-07 -1.6325e-07 
4.03698e-07 -5.67064e-07 -1.63366e-07 
3.99094e-07 -5.62648e-07 -1.63554e-07 
3.94428e-07 -5.58169e-07 -1.63741e-07 
3.89736e-07 -5.53647e-07 -1.63911e-07 
3.85054e-07 -5.49025e-07 -1.63971e-07 
3.80237e-07 -5.44329e-07 -1.64092e-07 
3.75274e-07 -5.39519e-07 -1.64245e-07 
3.70688e-07 -5.34901e-07 -1.64214e-07 
3.65829e-07 -5.30195e-07 -1.64366e-07 
3.61038e-07 -5.25482e-07 -1.64445e-07 
3.56185e-07 -5.20681e-07 -1.64496e-07 
3.5126e-07 -5.15806e-07 -1.64546e-07 
3.46528e-07 -5.11089e-07 -1.64561e-07 
3.41808e-07 -5.06134e-07 -1.64326e-07 
3.37388e-07 -5.01596e-07 -1.64207e-07 
3.32654e-07 -4.96762e-07 -1.64108e-07 
3.27869e-07 -4.91918e-07 -1.64049e-07 
3.22784e-07 -4.86905e-07 -1.64121e-07 
3.18058e-07 -4.81836e-07 -1.63778e-07 
3.13652e-07 -4.77023e-07 -1.63372e-07 
3.08906e-07 -4.72165e-07 -1.63259e-07 
3.04171e-07 -4.67128e-07 -1.62957e-07 
2.99292e-07 -4.62138e-07 -1.62846e-07 
2.94743e-07 -4.57255e-07 -1.62512e-07 
2.89972e-07 -4.52218e-07 -1.62246e-07 
2.85373e-07 -4.47341e-07 -1.61968e-07 
2.80467e-07 -4.42437e-07 -1.6197e-07 
2.75741e-07 -4.37362e-07 -1.6162e-07 
2.71137e-07 -4.32433e-07 -1.61296e-07 
2.66204e-07 -4.27244e-07 -1.61041e-07 
2.61416e-07 -4.21881e-07 -1.60465e-07 
2.56659e-07 -4.16727e-07 -1.60067e-07 
2.52039e-07 -4.11607e-07 -1.59568e-07 
2.47461e-07 -4.06507e-07 -1.59046e-07 
2.42858e-07 -4.01464e-07 -1.58606e-07 
2.38385e-07 -3.96352e-07 -1.57966e-07 
2.33738e-07 -3.91121e-07 -1.57382e-07 
2.28771e-07 -3.85698e-07 -1.56927e-07 
2.24185e-07 -3.80517e-07 -1.56332e-07 
2.19561e-07 -3.75341e-07 -1.5578e-07 
2.15232e-07 -3.70165e-07 -1.54934e-07 
2.10346e-07 -3.64799e-07 -1.54453e-07 
2.05506e-07 -3.59627e-07 -1.54121e-07 
2.00769e-07 -3.54172e-07 -1.53402e-07 
1.96076e-07 -3.4888e-07 -1.52804e-07 
1.91663e-07 -3.43577e-07 -1.51914e-07 
1.87231e-07 -3.38385e-07 -1.51154e-07 
1.82745e-07 -3.33114e-07 -1.50369e-07 
1.7824e-07 -3.2792e-07 -1.4968e-07 
1.74032e-07 -3.22821e-07 -1.48789e-07 
1.69609e-07 -3.17648e-07 -1.48038e-07 
1.65361e-07 -3.12534e-07 -1.47173e-07 
1.6075e-07 -3.07136e-07 -1.46386e-07 
1.56257e-07 -3.0176e-07 -1.45503e-07 
1.51754e-07 -2.96399e-07 -1.44645e-07 
1.47455e-07 -2.91169e-07 -1.43714e-07 
1.42673e-07 -2.85666e-07 -1.42993e-07 
1.3827e-07 -2.80393e-07 -1.42124e-07 
1.34104e-07 -2.7503e-07 -1.40926e-07 
1.29791e-07 -2.6962e-07 -1.39829e-07 
1.25363e-07 -2.64331e-07 -1.38968e-07 
1.21108e-07 -2.59096e-07 -1.37989e-07 
1.16881e-07 -2.53832e-07 -1.36951e-07 
1.12833e-07 -2.48547e-07 -1.35714e-07 
1.08957e-07 -2.43648e-07 -1.34691e-07 
1.04654e-07 -2.38273e-07 -1.33619e-07 
1.00235e-07 -2.32911e-07 -1.32676e-07 
9.60803e-08 -2.27617e-07 -1.31537e-07 
9.21308e-08 -2.22389e-07 -1.30258e-07 
8.79512e-08 -2.1709e-07 -1.29138e-07 
8.3815e-08 -2.11834e-07 -1.28019e-07 
7.98085e-08 -2.06496e-07 -1.26688e-07 
7.56414e-08 -2.01339e-07 -1.25698e-07 
7.15892e-08 -1.95972e-07 -1.24383e-07 
6.76968e-08 -1.90818e-07 -1.23121e-07 
6.38866e-08 -1.85701e-07 -1.21815e-07 
5.99641e-08 -1.80374e-07 -1.20409e-07 
5.58261e-08 -1.75016e-07 -1.1919e-07 
5.18978e-08 -1.69881e-07 -1.17983e-07 
4.82397e-08 -1.64835e-07 -1.16596e-07 
4.41743e-08 -1.59711e-07 -1.15536e-07 
4.05646e-08 -1.5464e-07 -1.14075e-07 
3.69316e-08 -1.496e-07 -1.12668e-07 
3.30898e-08 -1.44292e-07 -1.11202e-07 
2.92947e-08 -1.39084e-07 -1.09789e-07 
2.5494e-08 -1.33921e-07 -1.08427e-07 
2.19998e-08 -1.28825e-07 -1.06825e-07 
1.83068e-08 -1.23663e-07 -1.05356e-07 
1.46648e-08 -1.18526e-07 -1.03862e-07 
1.09639e-08 -1.13462e-07 -1.02498e-07 
7.33842e-09 -1.08235e-07 -1.00897e-07 
3.63935e-09 -1.03194e-07 -9.95545e-08 
1.44308e-10 -9.80453e-08 -9.7901e-08 
-3.37867e-09 -9.29168e-08 -9.62955e-08 
-6.63752e-09 -8.8011e-08 -9.46485e-08 
-9.90607e-09 -8.31595e-08 -9.30656e-08 
-1.33311e-08 -7.81099e-08 -9.1441e-08 
-1.67498e-08 -7.30939e-08 -8.98437e-08 
-2.01572e-08 -6.81272e-08 -8.82843e-08 
-2.36034e-08 -6.31445e-08 -8.67479e-08 
-2.68001e-08 -5.8275e-08 -8.50751e-08 
-3.00338e-08 -5.3438e-08 -8.34718e-08 
-3.35273e-08 -4.83536e-08 -8.18809e-08 
-3.67671e-08 -4.349e-08 -8.02571e-08 
-4.01244e-08 -3.84828e-08 -7.86072e-08 
-4.29241e-08 -3.39198e-08 -7.68438e-08 
-4.60052e-08 -2.90236e-08 -7.50288e-08 
-4.8899e-08 -2.43812e-08 -7.32802e-08 
-5.14846e-08 -1.98555e-08 -7.13401e-08 
-5.46988e-08 -1.50147e-08 -6.97136e-08 
-5.79496e-08 -1.00039e-08 -6.79535e-08 
-6.10836e-08 -5.1945e-09 -6.62781e-08 
-6.41279e-08 -4.46297e-10 -6.45742e-08 
-6.68865e-08 4.17149e-09 -6.2715e-08 
-6.96926e-08 8.8437e-09 -6.08489e-08 
-7.24889e-08 1.34792e-08 -5.90097e-08 
-7.53963e-08 1.81108e-08 -5.72855e-08 
-7.84155e-08 2.29172e-08 -5.54983e-08 
-8.11701e-08 2.75798e-08 -5.35903e-08 
-8.41287e-08 3.22476e-08 -5.18811e-08 
-8.68578e-08 3.67785e-08 -5.00793e-08 
-8.94363e-08 4.12899e-08 -4.81464e-08 
-9.22743e-08 4.58086e-08 -4.64657e-08 
-9.46106e-08 5.01755e-08 -4.44351e-08 
-9.7249e-08 5.47038e-08 -4.25452e-08 
-9.974e-08 5.91585e-08 -4.05814e-08 
-1.02273e-07 6.35444e-08 -3.87288e-08 
-1.04445e-07 6.76282e-08 -3.68164e-08 
-1.06965e-07 7.20673e-08 -3.48976e-08 
-1.09396e-07 7.63587e-08 -3.30377e-08 
-1.11953e-07 8.08085e-08 -3.11446e-08 
-1.14035e-07 8.49433e-08 -2.90916e-08 
-1.16366e-07 8.92711e-08 -2.70946e-08 
-1.18592e-07 9.33798e-08 -2.5212e-08 
-1.20854e-07 9.75113e-08 -2.33429e-08 
-1.2327e-07 1.01701e-07 -2.15693e-08 
-1.2531e-07 1.05729e-07 -1.95807e-08 
-1.27482e-07 1.09905e-07 -1.75768e-08 
-1.2936e-07 1.1369e-07 -1.56701e-08 
-1.31608e-07 1.17833e-07 -1.37748e-08 
-1.33616e-07 1.21904e-07 -1.17121e-08 
-1.35647e-07 1.25846e-07 -9.80185e-09 
-1.3736e-07 1.29675e-07 -7.68485e-09 
-1.39571e-07 1.33815e-07 -5.75646e-09 
-1.41651e-07 1.37907e-07 -3.74376e-09 
-1.43503e-07 1.41817e-07 -1.68578e-09 
-1.45503e-07 1.45672e-07 1.69507e-10 
-1.47154e-07 1.49423e-07 2.26906e-09 
-1.49109e-07 1.53447e-07 4.33779e-09 
-1.51138e-07 1.57383e-07 6.24485e-09 
-1.5283e-07 1.61063e-07 8.23222e-09 
-1.54837e-07 1.64837e-07 9.99995e-09 
-1.56534e-07 1.68543e-07 1.20087e-08 
-1.58135e-07 1.72186e-07 1.40513e-08 
-1.59891e-07 1.7576e-07 1.58689e-08 
-1.61437e-07 1.7935e-07 1.79123e-08 
-1.62857e-07 1.82893e-07 2.00355e-08 
-1.64298e-07 1.86361e-07 2.20632e-08 
-1.65947e-07 1.89927e-07 2.39794e-08 
-1.67475e-07 1.93402e-07 2.59269e-08 
-1.68909e-07 1.96875e-07 2.79664e-08 
-1.70398e-07 2.00245e-07 2.9847e-08 
-1.71866e-07 2.03744e-07 3.18782e-08 
-1.73344e-07 2.07102e-07 3.37571e-08 
-1.74793e-07 2.10471e-07 3.56787e-08 
-1.761e-07 2.13788e-07 3.7688e-08 
-1.77353e-07 2.17067e-07 3.97133e-08 
-1.78723e-07 2.20314e-07 4.15912e-08 
-1.80108e-07 2.23663e-07 4.35545e-08 
-1.8159e-07 2.27052e-07 4.5462e-08 
-1.82869e-07 2.30359e-07 4.74905e-08 
-1.83643e-07 2.33234e-07 4.95916e-08 
-1.84912e-07 2.36379e-07 5.1467e-08 
-1.86209e-07 2.39612e-07 5.34029e-08 
-1.87256e-07 2.42545e-07 5.52894e-08 
-1.88481e-07 2.45635e-07 5.71539e-08 
-1.89559e-07 2.4862e-07 5.90604e-08 
-1.90827e-07 2.51779e-07 6.09525e-08 
-1.91877e-07 2.54636e-07 6.27586e-08 
-1.92863e-07 2.57518e-07 6.46554e-08 
-1.93942e-07 2.60512e-07 6.65704e-08 
-1.94947e-07 2.63458e-07 6.85112e-08 
-1.9607e-07 2.6647e-07 7.04001e-08 
-1.96584e-07 2.69024e-07 7.244e-08 
-1.97537e-07 2.71756e-07 7.42196e-08 
-1.9819e-07 2.74418e-07 7.62285e-08 
-1.99216e-07 2.77175e-07 7.79593e-08 
-2.00057e-07 2.79741e-07 7.96841e-08 
-2.00888e-07 2.82382e-07 8.14947e-08 
-2.01613e-07 2.84905e-07 8.3292e-08 
-2.02512e-07 2.87538e-07 8.50253e-08 
-2.03392e-07 2.90195e-07 8.68024e-08 
-2.04205e-07 2.92689e-07 8.84841e-08 
-2.04816e-07 2.95102e-07 9.02857e-08 
-2.05309e-07 2.9744e-07 9.21311e-08 
-2.06175e-07 2.99999e-07 9.38245e-08 
-2.06738e-07 3.02302e-07 9.55635e-08 
-2.07384e-07 3.04653e-07 9.72692e-08 
-2.07923e-07 3.06977e-07 9.90542e-08 
-2.08554e-07 3.09275e-07 1.00722e-07 
-2.09029e-07 3.11462e-07 1.02433e-07 
-2.09647e-07 3.13842e-07 1.04195e-07 
-2.10327e-07 3.16121e-07 1.05795e-07 
-2.10728e-07 3.18246e-07 1.07518e-07 
-2.11452e-07 3.20585e-07 1.09133e-07 
-2.11872e-07 3.22702e-07 1.10829e-07 
-2.12726e-07 3.25012e-07 1.12286e-07 
-2.13023e-07 3.2709e-07 1.14068e-07 
-2.13539e-07 3.29299e-07 1.15759e-07 
-2.13924e-07 3.31302e-07 1.17378e-07 
-2.14351e-07 3.33205e-07 1.18854e-07 
-2.15045e-07 3.35414e-07 1.20369e-07 
-2.15523e-07 3.37439e-07 1.21916e-07 
-2.158e-07 3.39236e-07 1.23436e-07 
-2.16271e-07 3.4118e-07 1.24909e-07 
-2.16607e-07 3.43195e-07 1.26588e-07 
-2.17011e-07 3.45078e-07 1.28067e-07 
-2.17308e-07 3.46891e-07 1.29582e-07 
-2.17794e-07 3.48855e-07 1.31061e-07 
-2.18057e-07 3.50555e-07 1.32498e-07 
-2.18449e-07 3.52285e-07 1.33836e-07 
-2.18711e-07 3.53969e-07 1.35258e-07 
-2.19008e-07 3.55628e-07 1.3662e-07 
-2.19326e-07 3.57365e-07 1.3804e-07 
-2.19576e-07 3.58973e-07 1.39398e-07 
-2.19988e-07 3.60695e-07 1.40708e-07 
-2.20356e-07 3.62319e-07 1.41963e-07 
-2.20585e-07 3.63941e-07 1.43356e-07 
-2.21123e-07 3.65566e-07 1.44443e-07 
-2.21434e-07 3.67135e-07 1.45701e-07 
-2.21742e-07 3.68749e-07 1.47006e-07 
-2.21775e-07 3.70111e-07 1.48335e-07 
-2.22061e-07 3.71569e-07 1.49508e-07 
-2.22266e-07 3.72994e-07 1.50728e-07 
-2.22382e-07 3.74226e-07 1.51844e-07 
-2.22652e-07 3.7579e-07 1.53138e-07 
-2.2287e-07 3.7721e-07 1.5434e-07 
-2.23098e-07 3.78517e-07 1.55419e-07 
-2.23434e-07 3.79763e-07 1.56329e-07 
-2.23413e-07 3.81062e-07 1.57649e-07 
-2.23612e-07 3.82402e-07 1.5879e-07 
-2.23921e-07 3.8384e-07 1.59919e-07 
-2.24223e-07 3.85178e-07 1.60956e-07 
-2.24376e-07 3.86366e-07 1.61991e-07 
-2.24624e-07 3.87572e-07 1.62949e-07 
-2.24836e-07 3.88849e-07 1.64014e-07 
-2.24971e-07 3.90045e-07 1.65073e-07 
-2.25213e-07 3.91139e-07 1.65926e-07 
-2.25481e-07 3.92206e-07 1.66726e-07 
-2.25623e-07 3.93234e-07 1.67611e-07 
-2.25992e-07 3.94407e-07 1.68414e-07 
-2.26405e-07 3.95545e-07 1.6914e-07 
-2.26491e-07 3.96615e-07 1.70125e-07 
-2.26759e-07 3.97705e-07 1.70946e-07 
-2.26938e-07 3.98715e-07 1.71777e-07 
-2.27323e-07 3.99841e-07 1.72519e-07 
-2.27362e-07 4.00645e-07 1.73282e-07 
-2.27657e-07 4.01639e-07 1.73982e-07 
-2.27796e-07 4.02627e-07 1.74831e-07 
-2.28104e-07 4.03689e-07 1.75585e-07 
-2.28503e-07 4.0471e-07 1.76207e-07 
-2.28825e-07 4.05619e-07 1.76794e-07 
-2.29019e-07 4.06447e-07 1.77428e-07 
-2.2897e-07 4.07213e-07 1.78243e-07 
-2.29193e-07 4.08126e-07 1.78933e-07 
-2.29451e-07 4.09028e-07 1.79577e-07 
-2.29919e-07 4.1004e-07 1.80121e-07 
-2.30094e-07 4.10778e-07 1.80685e-07 
-2.30198e-07 4.11575e-07 1.81377e-07 
-2.3066e-07 4.12239e-07 1.81579e-07 
-2.30928e-07 4.13034e-07 1.82106e-07 
-2.31202e-07 4.13798e-07 1.82597e-07 
-2.31444e-07 4.14463e-07 1.83019e-07 
-2.32015e-07 4.15422e-07 1.83406e-07 
-2.32323e-07 4.16099e-07 1.83776e-07 
-2.32737e-07 4.16758e-07 1.84021e-07 
-2.32919e-07 4.17381e-07 1.84462e-07 
-2.33212e-07 4.18086e-07 1.84875e-07 
-2.33575e-07 4.18794e-07 1.85219e-07 
-2.34005e-07 4.19544e-07 1.85539e-07 
-2.34377e-07 4.20173e-07 1.85796e-07 
-2.34798e-07 4.20752e-07 1.85954e-07 
-2.35296e-07 4.21477e-07 1.86181e-07 
-2.35416e-07 4.21965e-07 1.86548e-07 
-2.35739e-07 4.22474e-07 1.86734e-07 
-2.36155e-07 4.22994e-07 1.86839e-07 
-2.36354e-07 4.23531e-07 1.87176e-07 
-2.36816e-07 4.24189e-07 1.87373e-07 
-2.37442e-07 4.24807e-07 1.87366e-07 
-2.38028e-07 4.25414e-07 1.87387e-07 
-2.3843e-07 4.25946e-07 1.87516e-07 
-2.38987e-07 4.26602e-07 1.87614e-07 
-2.39634e-07 4.27174e-07 1.8754e-07 
-2.40198e-07 4.2773e-07 1.87533e-07 
-2.40736e-07 4.28213e-07 1.87477e-07 
-2.41014e-07 4.28617e-07 1.87603e-07 
-2.41748e-07 4.29147e-07 1.874e-07 
-2.42283e-07 4.29486e-07 1.87204e-07 
-2.42934e-07 4.2999e-07 1.87056e-07 
-2.43564e-07 4.30402e-07 1.86839e-07 
-2.44191e-07 4.30901e-07 1.8671e-07 
-2.44741e-07 4.31305e-07 1.86564e-07 
-2.45589e-07 4.3204e-07 1.8645e-07 
-2.46249e-07 4.32558e-07 1.86309e-07 
-2.46948e-07 4.33059e-07 1.86111e-07 
-2.47545e-07 4.33493e-07 1.85948e-07 
-2.48338e-07 4.34031e-07 1.85692e-07 
-2.49195e-07 4.34547e-07 1.85352e-07 
-2.49882e-07 4.34877e-07 1.84994e-07 
-2.50557e-07 4.35274e-07 1.84717e-07 
-2.51314e-07 4.35693e-07 1.84379e-07 
-2.5239e-07 4.36274e-07 1.83884e-07 
-2.53308e-07 4.3668e-07 1.83372e-07 
-2.54169e-07 4.37125e-07 1.82955e-07 
-2.55063e-07 4.37581e-07 1.82518e-07 
-2.55803e-07 4.37896e-07 1.82092e-07 
-2.56483e-07 4.38245e-07 1.81762e-07 
-2.57393e-07 4.38751e-07 1.81358e-07 
-2.58307e-07 4.39044e-07 1.80737e-07 
-2.59275e-07 4.39459e-07 1.80184e-07 
-2.60226e-07 4.39808e-07 1.79582e-07 
-2.61107e-07 4.40141e-07 1.79034e-07 
-2.62365e-07 4.40653e-07 1.78288e-07 
-2.6344e-07 4.41084e-07 1.77644e-07 
-2.64422e-07 4.41541e-07 1.77119e-07 
-2.65324e-07 4.42062e-07 1.76738e-07 
-2.66271e-07 4.4245e-07 1.7618e-07 
-2.67332e-07 4.42721e-07 1.75389e-07 
-2.68353e-07 4.43233e-07 1.7488e-07 
-2.69555e-07 4.43731e-07 1.74177e-07 
-2.70898e-07 4.4426e-07 1.73362e-07 
-2.72064e-07 4.44583e-07 1.7252e-07 
-2.72933e-07 4.44738e-07 1.71804e-07 
-2.74216e-07 4.45145e-07 1.70929e-07 
-2.75518e-07 4.45602e-07 1.70084e-07 
-2.76798e-07 4.45996e-07 1.69198e-07 
-2.78007e-07 4.46445e-07 1.68438e-07 
-2.79227e-07 4.46857e-07 1.6763e-07 
-2.80347e-07 4.47134e-07 1.66787e-07 
-2.81854e-07 4.47586e-07 1.65732e-07 
-2.83341e-07 4.481e-07 1.64759e-07 
-2.84837e-07 4.4861e-07 1.63773e-07 
-2.85851e-07 4.48876e-07 1.63026e-07 
-2.87175e-07 4.4926e-07 1.62085e-07 
-2.88633e-07 4.49758e-07 1.61125e-07 
-2.9007e-07 4.50039e-07 1.59969e-07 
-2.91562e-07 4.50613e-07 1.59051e-07 
-2.92825e-07 4.50933e-07 1.58108e-07 
-2.94434e-07 4.51459e-07 1.57025e-07 
-2.961e-07 4.52153e-07 1.56053e-07 
-2.97352e-07 4.52512e-07 1.55159e-07 
-2.98966e-07 4.52934e-07 1.53969e-07 
-3.00426e-07 4.5334e-07 1.52914e-07 
-3.0212e-07 4.53806e-07 1.51687e-07 
-3.03384e-07 4.54159e-07 1.50774e-07 
-3.05113e-07 4.54701e-07 1.49587e-07 
-3.06982e-07 4.55275e-07 1.48293e-07 
-3.08644e-07 4.55871e-07 1.47226e-07 
-3.10107e-07 4.56287e-07 1.46181e-07 
-3.11689e-07 4.56743e-07 1.45053e-07 
-3.13455e-07 4.57294e-07 1.43838e-07 
-3.15369e-07 4.57901e-07 1.42532e-07 
-3.17326e-07 4.58594e-07 1.41268e-07 
-3.18825e-07 4.58989e-07 1.40163e-07 
-3.20726e-07 4.59648e-07 1.38922e-07 
-3.22794e-07 4.60276e-07 1.37482e-07 
-3.24575e-07 4.60826e-07 1.36251e-07 
-3.26447e-07 4.61309e-07 1.34862e-07 
-3.28091e-07 4.61787e-07 1.33696e-07 
-3.30028e-07 4.62317e-07 1.32288e-07 
-3.32041e-07 4.62894e-07 1.30853e-07 
-3.33627e-07 4.63284e-07 1.29657e-07 
-3.35565e-07 4.63948e-07 1.28383e-07 
-3.3767e-07 4.64678e-07 1.27008e-07 
-3.39732e-07 4.6535e-07 1.25618e-07 
-3.41196e-07 4.65659e-07 1.24463e-07 
-3.43453e-07 4.66483e-07 1.2303e-07 
-3.45653e-07 4.67189e-07 1.21535e-07 
-3.47507e-07 4.67644e-07 1.20137e-07 
-3.49347e-07 4.68136e-07 1.18789e-07 
-3.51201e-07 4.68725e-07 1.17524e-07 
-3.53235e-07 4.69388e-07 1.16154e-07 
-3.5524e-07 4.70035e-07 1.14795e-07 
-3.57523e-07 4.70778e-07 1.13255e-07 
-3.59658e-07 4.71458e-07 1.11801e-07 
-3.61793e-07 4.72139e-07 1.10346e-07 
-3.64055e-07 4.72848e-07 1.08792e-07 
-3.65973e-07 4.73403e-07 1.07431e-07 
-3.6825e-07 4.74162e-07 1.05911e-07 
-3.70542e-07 4.74987e-07 1.04445e-07 
-3.72667e-07 4.75707e-07 1.0304e-07 
-3.7506e-07 4.76444e-07 1.01385e-07 
-3.77112e-07 4.77063e-07 9.99505e-08 
-3.79418e-07 4.77897e-07 9.84793e-08 
-3.81783e-07 4.78801e-07 9.70175e-08 
-3.84028e-07 4.79429e-07 9.54007e-08 
-3.86062e-07 4.79983e-07 9.39211e-08 
-3.88332e-07 4.80764e-07 9.24323e-08 
-3.90824e-07 4.81676e-07 9.08516e-08 
-3.9319e-07 4.82324e-07 8.91344e-08 
-3.95714e-07 4.83182e-07 8.74684e-08 
-3.97916e-07 4.84031e-07 8.61142e-08 
-4.00091e-07 4.84797e-07 8.4706e-08 
-4.02432e-07 4.85669e-07 8.32367e-08 
-4.04848e-07 4.86378e-07 8.15301e-08 
-4.07297e-07 4.87266e-07 7.99685e-08 
-4.09634e-07 4.88052e-07 7.84181e-08 
-4.12144e-07 4.88912e-07 7.67677e-08 
-4.14429e-07 4.89752e-07 7.53231e-08 
-4.16636e-07 4.90485e-07 7.38495e-08 
-4.19166e-07 4.91507e-07 7.23404e-08 
-4.21659e-07 4.92444e-07 7.07844e-08 
-4.24132e-07 4.93349e-07 6.92165e-08 
-4.26594e-07 4.94291e-07 6.7697e-08 
-4.29038e-07 4.95145e-07 6.61072e-08 
-4.31457e-07 4.96144e-07 6.46876e-08 
-4.33886e-07 4.96952e-07 6.30668e-08 
-4.36352e-07 4.9788e-07 6.15279e-08 
-4.38675e-07 4.98716e-07 6.00413e-08 
-4.41122e-07 4.99582e-07 5.84606e-08 
-4.43528e-07 5.00482e-07 5.69549e-08 
-4.45902e-07 5.01319e-07 5.54171e-08 
-4.48366e-07 5.02255e-07 5.38887e-08 
-4.50937e-07 5.03324e-07 5.23866e-08 
-4.53587e-07 5.04307e-07 5.07198e-08 
-4.56046e-07 5.0514e-07 4.9094e-08 
-4.58383e-07 5.05962e-07 4.7579e-08 
-4.6092e-07 5.06959e-07 4.60387e-08 
-4.6333e-07 5.07975e-07 4.46449e-08 
-4.65847e-07 5.08944e-07 4.30965e-08 
-4.68231e-07 5.09837e-07 4.1606e-08 
-4.70798e-07 5.10864e-07 4.00667e-08 
-4.73528e-07 5.11907e-07 3.83787e-08 
-4.76068e-07 5.1307e-07 3.70015e-08 
-4.78544e-07 5.14054e-07 3.55091e-08 
-4.80704e-07 5.14817e-07 3.41125e-08 
-4.8308e-07 5.15704e-07 3.26231e-08 
-4.85523e-07 5.16624e-07 3.11009e-08 
-4.88391e-07 5.17724e-07 2.93335e-08 
-4.90826e-07 5.18733e-07 2.79069e-08 
-4.93319e-07 5.19691e-07 2.63719e-08 
-4.95775e-07 5.20751e-07 2.49767e-08 
-4.98211e-07 5.21688e-07 2.34776e-08 
-5.00834e-07 5.22726e-07 2.18917e-08 
-5.0312e-07 5.23598e-07 2.04787e-08 
-5.05579e-07 5.24591e-07 1.9012e-08 
-5.08198e-07 5.25716e-07 1.75182e-08 
-5.10546e-07 5.26576e-07 1.60297e-08 
-5.12862e-07 5.27446e-07 1.45839e-08 
-5.15293e-07 5.28568e-07 1.3275e-08 
-5.17702e-07 5.29594e-07 1.18912e-08 
-5.20105e-07 5.30555e-07 1.045e-08 
-5.22546e-07 5.31499e-07 8.95307e-09 
-5.24699e-07 5.32309e-07 7.6094e-09 
-5.27158e-07 5.33404e-07 6.2455e-09 
-5.29412e-07 5.34428e-07 5.01615e-09 
-5.31741e-07 5.35411e-07 3.6693e-09 
-5.34137e-07 5.36551e-07 2.41425e-09 
-5.36607e-07 5.37667e-07 1.05985e-09 
-5.38902e-07 5.38533e-07 -3.69198e-10 
-5.40955e-07 5.39351e-07 -1.60452e-09 
-5.43264e-07 5.40303e-07 -2.96086e-09 
-5.45708e-07 5.41453e-07 -4.25496e-09 
-5.47803e-07 5.42329e-07 -5.47374e-09 
-5.50311e-07 5.43459e-07 -6.85213e-09 
-5.52635e-07 5.44532e-07 -8.1032e-09 
-5.54967e-07 5.45508e-07 -9.45874e-09 
-5.57264e-07 5.46371e-07 -1.08932e-08 
-5.59648e-07 5.47491e-07 -1.2157e-08 
-5.61981e-07 5.48572e-07 -1.34088e-08 
-5.64214e-07 5.49655e-07 -1.45598e-08 
-5.6649e-07 5.50548e-07 -1.59423e-08 
-5.68632e-07 5.51477e-07 -1.7155e-08 
-5.70686e-07 5.52404e-07 -1.82816e-08 
-5.72548e-07 5.53148e-07 -1.94001e-08 
-5.74765e-07 5.54138e-07 -2.06271e-08 
-5.76916e-07 5.55244e-07 -2.1672e-08 
-5.79072e-07 5.56338e-07 -2.27348e-08 
-5.80892e-07 5.571e-07 -2.37922e-08 
-5.8299e-07 5.58132e-07 -2.48579e-08 
-5.85085e-07 5.59106e-07 -2.59787e-08 
-5.86974e-07 5.60002e-07 -2.69718e-08 
-5.88831e-07 5.60866e-07 -2.79651e-08 
-5.90676e-07 5.61682e-07 -2.89932e-08 
-5.92538e-07 5.62467e-07 -3.00713e-08 
-5.9443e-07 5.63292e-07 -3.1138e-08 
-5.96257e-07 5.64104e-07 -3.21532e-08 
-5.98093e-07 5.65008e-07 -3.3085e-08 
-5.99916e-07 5.659e-07 -3.40166e-08 
-6.01864e-07 5.66871e-07 -3.49926e-08 
-6.03776e-07 5.6787e-07 -3.59058e-08 
-6.05349e-07 5.68532e-07 -3.68169e-08 
-6.06996e-07 5.6924e-07 -3.77561e-08 
-6.08666e-07 5.69992e-07 -3.86733e-08 
-6.10373e-07 5.70825e-07 -3.95477e-08 
-6.12158e-07 5.7177e-07 -4.03881e-08 
-6.1363e-07 5.72341e-07 -4.1289e-08 
-6.15587e-07 5.73354e-07 -4.22324e-08 
-6.1723e-07 5.74034e-07 -4.31955e-08 
-6.1889e-07 5.74956e-07 -4.39339e-08 
-6.20331e-07 5.75719e-07 -4.46119e-08 
-6.21936e-07 5.76453e-07 -4.54826e-08 
-6.23456e-07 5.77165e-07 -4.62913e-08 
-6.24868e-07 5.77878e-07 -4.69898e-08 
-6.25942e-07 5.78494e-07 -4.74486e-08 
-6.27571e-07 5.79267e-07 -4.83038e-08 
-6.28948e-07 5.79914e-07 -4.90339e-08 
-6.30188e-07 5.80568e-07 -4.96198e-08 
-6.31601e-07 5.81234e-07 -5.03667e-08 
-6.32743e-07 5.81856e-07 -5.0887e-08 
-6.34175e-07 5.82585e-07 -5.15904e-08 
-6.3529e-07 5.83108e-07 -5.21825e-08 
-6.36413e-07 5.8372e-07 -5.26927e-08 
-6.37801e-07 5.84354e-07 -5.3447e-08 
-6.38816e-07 5.84872e-07 -5.39441e-08 
-6.39776e-07 5.85481e-07 -5.42953e-08 
-6.40923e-07 5.86031e-07 -5.48929e-08 
-6.41917e-07 5.86467e-07 -5.545e-08 
-6.4285e-07 5.86843e-07 -5.60065e-08 
-6.43653e-07 5.87174e-07 -5.64795e-08 
-6.44487e-07 5.87663e-07 -5.68238e-08 
-6.45368e-07 5.88122e-07 -5.72451e-08 
-6.46127e-07 5.88456e-07 -5.76709e-08 
-6.46837e-07 5.88866e-07 -5.79715e-08 
-6.47654e-07 5.892e-07 -5.84545e-08 
-6.48366e-07 5.89543e-07 -5.88236e-08 
-6.4901e-07 5.89905e-07 -5.91041e-08 
-6.49739e-07 5.90271e-07 -5.94673e-08 
-6.50388e-07 5.90652e-07 -5.97361e-08 
-6.51029e-07 5.91012e-07 -6.00173e-08 
-6.51584e-07 5.9127e-07 -6.03138e-08 
-6.52056e-07 5.91494e-07 -6.05623e-08 
-6.52612e-07 5.91835e-07 -6.07769e-08 
-6.52868e-07 5.91838e-07 -6.10307e-08 
-6.53407e-07 5.92015e-07 -6.13916e-08 
-6.53612e-07 5.92127e-07 -6.14843e-08 
-6.53882e-07 5.92287e-07 -6.15948e-08 
-6.54223e-07 5.92367e-07 -6.18564e-08 
-6.54679e-07 5.92678e-07 -6.20003e-08 
-6.54671e-07 5.92633e-07 -6.20381e-08 
-6.54845e-07 5.92788e-07 -6.20569e-08 
-6.55006e-07 5.92885e-07 -6.21211e-08 
-6.55067e-07 5.92988e-07 -6.20791e-08 
-6.54993e-07 5.92907e-07 -6.20853e-08 
-6.54837e-07 5.92752e-07 -6.20852e-08 
-6.5478e-07 5.92734e-07 -6.20461e-08 
-6.54844e-07 5.92669e-07 -6.21756e-08 
-6.54779e-07 5.92587e-07 -6.2192e-08 
-6.54426e-07 5.92444e-07 -6.19818e-08 
-6.53908e-07 5.92052e-07 -6.18564e-08 
-6.53714e-07 5.91996e-07 -6.17181e-08 
-6.53635e-07 5.91937e-07 -6.16984e-08 
-6.53191e-07 5.91618e-07 -6.15731e-08 
-6.52638e-07 5.9124e-07 -6.13983e-08 
-6.52288e-07 5.90993e-07 -6.12955e-08 
-6.51613e-07 5.9058e-07 -6.10332e-08 
-6.50984e-07 5.90219e-07 -6.07657e-08 
-6.50452e-07 5.89801e-07 -6.06516e-08 
-6.497e-07 5.89327e-07 -6.0373e-08 
-6.49103e-07 5.88971e-07 -6.01323e-08 
-6.48515e-07 5.88451e-07 -6.00642e-08 
-6.47777e-07 5.87964e-07 -5.98134e-08 
-6.47159e-07 5.87492e-07 -5.96673e-08 
-6.46282e-07 5.8703e-07 -5.92524e-08 
-6.45369e-07 5.8656e-07 -5.88096e-08 
-6.44282e-07 5.85888e-07 -5.83944e-08 
-6.43451e-07 5.85252e-07 -5.81987e-08 
-6.42457e-07 5.84599e-07 -5.78577e-08 
-6.41339e-07 5.84024e-07 -5.7315e-08 
-6.40382e-07 5.83339e-07 -5.70429e-08 
-6.39232e-07 5.82589e-07 -5.66423e-08 
-6.38183e-07 5.81978e-07 -5.6205e-08 
-6.37074e-07 5.81286e-07 -5.57877e-08 
-6.3576e-07 5.80459e-07 -5.53017e-08 
-6.34338e-07 5.79511e-07 -5.48271e-08 
-6.32921e-07 5.78547e-07 -5.43749e-08 
-6.31442e-07 5.77698e-07 -5.37433e-08 
-6.29948e-07 5.76702e-07 -5.32465e-08 
-6.2837e-07 5.75738e-07 -5.26317e-08 
-6.26825e-07 5.74773e-07 -5.2052e-08 
-6.25208e-07 5.73756e-07 -5.14521e-08 
-6.23553e-07 5.72661e-07 -5.08919e-08 
-6.21943e-07 5.71785e-07 -5.01583e-08 
-6.20118e-07 5.70637e-07 -4.94803e-08 
-6.18335e-07 5.6958e-07 -4.87559e-08 
-6.16743e-07 5.68486e-07 -4.82568e-08 
-6.15083e-07 5.67382e-07 -4.77007e-08 
-6.13297e-07 5.66271e-07 -4.7026e-08 
-6.11314e-07 5.65063e-07 -4.62507e-08 
-6.09378e-07 5.63739e-07 -4.5639e-08 
-6.07316e-07 5.62348e-07 -4.49683e-08 
-6.05004e-07 5.60892e-07 -4.41121e-08 
-6.02734e-07 5.5947e-07 -4.32637e-08 
-6.00386e-07 5.57911e-07 -4.24748e-08 
-5.98361e-07 5.56609e-07 -4.1752e-08 
-5.96139e-07 5.55227e-07 -4.09127e-08 
-5.93683e-07 5.5367e-07 -4.00136e-08 
-5.91208e-07 5.52052e-07 -3.91564e-08 
-5.88861e-07 5.5051e-07 -3.83506e-08 
-5.86439e-07 5.48918e-07 -3.75211e-08 
-5.83777e-07 5.47229e-07 -3.6548e-08 
-5.8121e-07 5.45449e-07 -3.57606e-08 
-5.78384e-07 5.43453e-07 -3.49311e-08 
-5.75768e-07 5.41946e-07 -3.38219e-08 
-5.73172e-07 5.40137e-07 -3.30348e-08 
-5.70275e-07 5.38279e-07 -3.19961e-08 
-5.67502e-07 5.36373e-07 -3.11291e-08 
-5.64571e-07 5.34474e-07 -3.00967e-08 
-5.61916e-07 5.32808e-07 -2.91079e-08 
-5.58973e-07 5.30802e-07 -2.8171e-08 
-5.56029e-07 5.28777e-07 -2.72515e-08 
-5.53184e-07 5.26907e-07 -2.6277e-08 
-5.49965e-07 5.2467e-07 -2.52949e-08 
-5.46885e-07 5.22722e-07 -2.41633e-08 
-5.43648e-07 5.20608e-07 -2.30401e-08 
-5.40631e-07 5.18506e-07 -2.21251e-08 
-5.37404e-07 5.16322e-07 -2.10822e-08 
-5.34301e-07 5.14256e-07 -2.00448e-08 
-5.31105e-07 5.12023e-07 -1.90818e-08 
-5.27657e-07 5.09676e-07 -1.79802e-08 
-5.24246e-07 5.07432e-07 -1.68143e-08 
-5.20618e-07 5.04957e-07 -1.56611e-08 
-5.17144e-07 5.02557e-07 -1.45869e-08 
-5.13747e-07 5.00218e-07 -1.35285e-08 
-5.10023e-07 4.97764e-07 -1.22582e-08 
-5.06488e-07 4.953e-07 -1.11878e-08 
-5.0288e-07 4.92842e-07 -1.00378e-08 
-4.99073e-07 4.90165e-07 -8.90805e-09 
-4.95451e-07 4.87712e-07 -7.73929e-09 
-4.91793e-07 4.85212e-07 -6.58133e-09 
-4.8811e-07 4.82482e-07 -5.6279e-09 
-4.84591e-07 4.8009e-07 -4.50103e-09 
-4.80512e-07 4.77271e-07 -3.24104e-09 
-4.76815e-07 4.74722e-07 -2.09329e-09 
-4.72708e-07 4.71943e-07 -7.65823e-10 
-4.68884e-07 4.69201e-07 3.17954e-10 
-4.64903e-07 4.66363e-07 1.46028e-09 
-4.60766e-07 4.63394e-07 2.62858e-09 
-4.56579e-07 4.6051e-07 3.93118e-09 
-4.5242e-07 4.57556e-07 5.13614e-09 
-4.48207e-07 4.54612e-07 6.40483e-09 
-4.44027e-07 4.51675e-07 7.64854e-09 
-4.39852e-07 4.48725e-07 8.87286e-09 
-4.35583e-07 4.45528e-07 9.94481e-09 
-4.312e-07 4.42549e-07 1.13492e-08 
-4.27102e-07 4.39542e-07 1.24402e-08 
-4.22679e-07 4.36297e-07 1.36181e-08 
-4.18347e-07 4.33191e-07 1.4844e-08 
-4.14021e-07 4.30047e-07 1.60258e-08 
-4.0938e-07 4.26629e-07 1.72487e-08 
-4.04946e-07 4.23549e-07 1.86028e-08 
-4.00572e-07 4.20386e-07 1.98135e-08 
-3.96016e-07 4.17038e-07 2.10218e-08 
-3.91168e-07 4.13441e-07 2.22731e-08 
-3.86453e-07 4.10088e-07 2.36355e-08 
-3.81632e-07 4.06538e-07 2.49059e-08 
-3.76778e-07 4.03076e-07 2.6298e-08 
-3.72091e-07 3.99627e-07 2.75364e-08 
-3.67749e-07 3.96388e-07 2.86387e-08 
-3.62897e-07 3.92879e-07 2.99813e-08 
-3.58216e-07 3.89278e-07 3.10613e-08 
-3.53248e-07 3.85646e-07 3.2397e-08 
-3.48407e-07 3.82126e-07 3.37192e-08 
-3.43498e-07 3.78442e-07 3.49433e-08 
-3.38719e-07 3.74969e-07 3.625e-08 
-3.33493e-07 3.711e-07 3.76074e-08 
-3.28541e-07 3.67438e-07 3.88969e-08 
-3.23622e-07 3.6375e-07 4.01282e-08 
-3.18623e-07 3.60032e-07 4.14095e-08 
-3.1353e-07 3.5629e-07 4.27597e-08 
-3.08281e-07 3.52321e-07 4.40406e-08 
-3.03192e-07 3.48494e-07 4.53026e-08 
-2.98096e-07 3.44618e-07 4.65226e-08 
-2.93003e-07 3.40757e-07 4.7754e-08 
-2.87683e-07 3.36672e-07 4.89889e-08 
-2.82521e-07 3.3271e-07 5.01886e-08 
-2.77144e-07 3.28701e-07 5.15565e-08 
-2.71742e-07 3.24627e-07 5.28852e-08 
-2.6648e-07 3.20678e-07 5.41975e-08 
-2.61491e-07 3.16765e-07 5.52738e-08 
-2.56002e-07 3.12491e-07 5.6489e-08 
-2.50529e-07 3.08245e-07 5.77164e-08 
-2.45438e-07 3.04226e-07 5.87881e-08 
-2.40257e-07 3.00306e-07 6.00492e-08 
-2.34782e-07 2.96124e-07 6.13421e-08 
-2.29674e-07 2.91887e-07 6.22126e-08 
-2.24295e-07 2.87693e-07 6.3398e-08 
-2.18821e-07 2.83425e-07 6.46039e-08 
-2.13517e-07 2.79319e-07 6.58016e-08 
-2.08208e-07 2.75225e-07 6.70174e-08 
-2.02583e-07 2.70901e-07 6.83188e-08 
-1.97176e-07 2.66632e-07 6.94559e-08 
-1.91773e-07 2.62408e-07 7.06353e-08 
-1.86029e-07 2.57896e-07 7.18671e-08 
-1.80704e-07 2.53592e-07 7.28883e-08 
-1.75073e-07 2.49104e-07 7.40309e-08 
-1.69475e-07 2.44783e-07 7.53081e-08 
-1.63898e-07 2.40287e-07 7.63895e-08 
-1.57993e-07 2.35635e-07 7.76417e-08 
-1.52505e-07 2.31109e-07 7.86038e-08 
-1.47099e-07 2.26653e-07 7.95542e-08 
-1.4153e-07 2.22148e-07 8.06176e-08 
-1.35722e-07 2.17478e-07 8.17558e-08 
-1.30133e-07 2.12962e-07 8.28292e-08 
-1.24584e-07 2.08539e-07 8.39554e-08 
-1.19151e-07 2.04159e-07 8.50085e-08 
-1.13609e-07 1.99691e-07 8.60824e-08 
-1.07993e-07 1.95095e-07 8.71015e-08 
-1.02391e-07 1.90583e-07 8.81915e-08 
-9.67229e-08 1.85887e-07 8.9164e-08 
-9.10512e-08 1.81254e-07 9.02029e-08 
-8.54066e-08 1.76491e-07 9.10841e-08 
-7.98226e-08 1.71856e-07 9.20335e-08 
-7.42169e-08 1.67271e-07 9.30541e-08 
-6.84306e-08 1.62397e-07 9.39662e-08 
-6.27732e-08 1.57719e-07 9.49454e-08 
-5.71663e-08 1.53056e-07 9.58894e-08 
-5.13851e-08 1.48326e-07 9.6941e-08 
-4.58557e-08 1.43582e-07 9.77267e-08 
-3.98801e-08 1.38703e-07 9.8823e-08 
-3.41757e-08 1.33794e-07 9.96185e-08 
-2.85064e-08 1.29124e-07 1.00618e-07 
-2.27403e-08 1.24197e-07 1.01456e-07 
-1.76009e-08 1.19845e-07 1.02244e-07 
-1.17879e-08 1.14952e-07 1.03164e-07 
-6.07476e-09 1.10091e-07 1.04016e-07 
-3.71865e-10 1.05232e-07 1.04861e-07 
5.30561e-09 1.00491e-07 1.05797e-07 
1.09306e-08 9.56374e-08 1.06568e-07 
1.67914e-08 9.07895e-08 1.07581e-07 
2.21014e-08 8.62057e-08 1.08307e-07 
2.79433e-08 8.11334e-08 1.09077e-07 
3.35035e-08 7.63043e-08 1.09808e-07 
3.91063e-08 7.13951e-08 1.10501e-07 
4.47961e-08 6.64455e-08 1.11242e-07 
5.03408e-08 6.16416e-08 1.11982e-07 
5.58398e-08 5.69142e-08 1.12754e-07 
6.13539e-08 5.20098e-08 1.13364e-07 
6.69012e-08 4.71758e-08 1.14077e-07 
7.29756e-08 4.18018e-08 1.14777e-07 
7.84322e-08 3.70575e-08 1.1549e-07 
8.39556e-08 3.22481e-08 1.16204e-07 
8.95538e-08 2.72237e-08 1.16778e-07 
9.53643e-08 2.21329e-08 1.17497e-07 
1.00686e-07 1.72502e-08 1.17936e-07 
1.06039e-07 1.26503e-08 1.18689e-07 
1.11626e-07 7.61853e-09 1.19245e-07 
1.16848e-07 2.7968e-09 1.19645e-07 
1.22299e-07 -2.23812e-09 1.2006e-07 
1.27627e-07 -7.00128e-09 1.20626e-07 
1.33065e-07 -1.19256e-08 1.2114e-07 
1.38447e-07 -1.68239e-08 1.21623e-07 
1.43746e-07 -2.16873e-08 1.22059e-07 
1.4904e-07 -2.6518e-08 1.22522e-07 
1.54168e-07 -3.13132e-08 1.22855e-07 
1.59739e-07 -3.64137e-08 1.23325e-07 
1.65176e-07 -4.13972e-08 1.23779e-07 
1.70409e-07 -4.62908e-08 1.24119e-07 
1.75462e-07 -5.0948e-08 1.24514e-07 
1.80982e-07 -5.60338e-08 1.24948e-07 
1.86106e-07 -6.07765e-08 1.2533e-07 
1.91375e-07 -6.57079e-08 1.25668e-07 
1.96509e-07 -7.05529e-08 1.25956e-07 
2.01703e-07 -7.55731e-08 1.2613e-07 
2.06688e-07 -8.02465e-08 1.26441e-07 
2.11699e-07 -8.49717e-08 1.26727e-07 
2.16842e-07 -8.98899e-08 1.26952e-07 
2.21745e-07 -9.46867e-08 1.27059e-07 
2.269e-07 -9.9569e-08 1.27331e-07 
2.31799e-07 -1.04353e-07 1.27447e-07 
2.36878e-07 -1.09199e-07 1.27679e-07 
2.41824e-07 -1.14063e-07 1.27761e-07 
2.46775e-07 -1.18755e-07 1.2802e-07 
2.5169e-07 -1.23585e-07 1.28105e-07 
2.56594e-07 -1.28421e-07 1.28173e-07 
2.61208e-07 -1.32976e-07 1.28233e-07 
2.66023e-07 -1.37688e-07 1.28334e-07 
2.70817e-07 -1.42491e-07 1.28326e-07 
2.75611e-07 -1.47074e-07 1.28537e-07 
2.80466e-07 -1.51866e-07 1.286e-07 
2.85119e-07 -1.56451e-07 1.28668e-07 
2.89876e-07 -1.61097e-07 1.28779e-07 
2.94623e-07 -1.65739e-07 1.28884e-07 
2.99204e-07 -1.70311e-07 1.28893e-07 
3.03946e-07 -1.75032e-07 1.28915e-07 
3.0846e-07 -1.79625e-07 1.28835e-07 
3.12859e-07 -1.84168e-07 1.28692e-07 
3.1721e-07 -1.88615e-07 1.28595e-07 
3.21469e-07 -1.93129e-07 1.28339e-07 
3.25911e-07 -1.97655e-07 1.28255e-07 
3.30272e-07 -2.02207e-07 1.28066e-07 
3.34661e-07 -2.06727e-07 1.27933e-07 
3.38813e-07 -2.11087e-07 1.27727e-07 
3.43103e-07 -2.15533e-07 1.27569e-07 
3.47469e-07 -2.20078e-07 1.27391e-07 
3.51405e-07 -2.24475e-07 1.2693e-07 
3.55585e-07 -2.28727e-07 1.26858e-07 
3.59787e-07 -2.33077e-07 1.2671e-07 
3.63797e-07 -2.37486e-07 1.2631e-07 
3.67633e-07 -2.41673e-07 1.2596e-07 
3.71715e-07 -2.4604e-07 1.25675e-07 
3.75606e-07 -2.50287e-07 1.25319e-07 
3.79736e-07 -2.54773e-07 1.24963e-07 
3.83635e-07 -2.59039e-07 1.24596e-07 
3.87221e-07 -2.63069e-07 1.24152e-07 
3.91074e-07 -2.67288e-07 1.23786e-07 
3.94879e-07 -2.71501e-07 1.23378e-07 
3.98818e-07 -2.75807e-07 1.23011e-07 
4.0248e-07 -2.79767e-07 1.22712e-07 
4.06178e-07 -2.8396e-07 1.22218e-07 
4.09891e-07 -2.88098e-07 1.21793e-07 
4.13344e-07 -2.91965e-07 1.21379e-07 
4.1692e-07 -2.9605e-07 1.2087e-07 
4.20468e-07 -3.00123e-07 1.20345e-07 
4.23859e-07 -3.04041e-07 1.19818e-07 
4.27159e-07 -3.07846e-07 1.19313e-07 
4.30594e-07 -3.11827e-07 1.18767e-07 
4.33872e-07 -3.15768e-07 1.18104e-07 
4.37151e-07 -3.19655e-07 1.17495e-07 
4.40264e-07 -3.2339e-07 1.16874e-07 
4.43577e-07 -3.27243e-07 1.16334e-07 
4.46806e-07 -3.31075e-07 1.15731e-07 
4.49619e-07 -3.3461e-07 1.15009e-07 
4.52833e-07 -3.38412e-07 1.14421e-07 
4.55928e-07 -3.42173e-07 1.13755e-07 
4.58854e-07 -3.45779e-07 1.13075e-07 
4.61864e-07 -3.49478e-07 1.12386e-07 
4.64603e-07 -3.52882e-07 1.11721e-07 
4.67527e-07 -3.56488e-07 1.11039e-07 
4.70366e-07 -3.60012e-07 1.10354e-07 
4.73384e-07 -3.63633e-07 1.0975e-07 
4.75976e-07 -3.67111e-07 1.08865e-07 
4.78752e-07 -3.70569e-07 1.08183e-07 
4.81392e-07 -3.73868e-07 1.07524e-07 
4.83848e-07 -3.77232e-07 1.06616e-07 
4.8626e-07 -3.80455e-07 1.05805e-07 
4.89007e-07 -3.83999e-07 1.05008e-07 
4.91602e-07 -3.87419e-07 1.04183e-07 
4.94072e-07 -3.90737e-07 1.03335e-07 
4.96374e-07 -3.93987e-07 1.02387e-07 
4.98497e-07 -3.97208e-07 1.01289e-07 
5.00752e-07 -4.00279e-07 1.00473e-07 
5.03313e-07 -4.03561e-07 9.97524e-08 
5.05275e-07 -4.06448e-07 9.88273e-08 
5.07419e-07 -4.0943e-07 9.79886e-08 
5.09324e-07 -4.12312e-07 9.70124e-08 
5.11382e-07 -4.15212e-07 9.61706e-08 
5.13541e-07 -4.18364e-07 9.51768e-08 
5.15611e-07 -4.21363e-07 9.42484e-08 
5.1747e-07 -4.24114e-07 9.33555e-08 
5.19212e-07 -4.26884e-07 9.23276e-08 
5.21138e-07 -4.29747e-07 9.13913e-08 
5.22769e-07 -4.3244e-07 9.03299e-08 
5.24393e-07 -4.35159e-07 8.92334e-08 
5.26152e-07 -4.37822e-07 8.83308e-08 
5.27562e-07 -4.40275e-07 8.72878e-08 
5.29553e-07 -4.4314e-07 8.64125e-08 
5.31114e-07 -4.45668e-07 8.54468e-08 
5.32593e-07 -4.48288e-07 8.43043e-08 
5.34242e-07 -4.50932e-07 8.331e-08 
5.35749e-07 -4.535e-07 8.22492e-08 
5.36997e-07 -4.55867e-07 8.11301e-08 
5.38384e-07 -4.58434e-07 7.995e-08 
5.39764e-07 -4.60838e-07 7.89267e-08 
5.40714e-07 -4.62956e-07 7.77577e-08 
5.41879e-07 -4.652e-07 7.66782e-08 
5.43127e-07 -4.67486e-07 7.56415e-08 
5.43888e-07 -4.69504e-07 7.43839e-08 
5.44957e-07 -4.71706e-07 7.32507e-08 
5.4586e-07 -4.73787e-07 7.20725e-08 
5.4694e-07 -4.75897e-07 7.10434e-08 
5.4774e-07 -4.77845e-07 6.98942e-08 
5.4862e-07 -4.79924e-07 6.86964e-08 
5.49343e-07 -4.81862e-07 6.74801e-08 
5.5013e-07 -4.83844e-07 6.62864e-08 
5.50811e-07 -4.85685e-07 6.51258e-08 
5.51455e-07 -4.8745e-07 6.40051e-08 
5.5195e-07 -4.8905e-07 6.28993e-08 
5.5269e-07 -4.90947e-07 6.1743e-08 
5.53375e-07 -4.92748e-07 6.06268e-08 
5.53752e-07 -4.94307e-07 5.94449e-08 
5.54239e-07 -4.95974e-07 5.82651e-08 
5.54852e-07 -4.97658e-07 5.7194e-08 
5.55217e-07 -4.99372e-07 5.58451e-08 
5.55658e-07 -5.01046e-07 5.46117e-08 
5.55694e-07 -5.02432e-07 5.32619e-08 
5.56008e-07 -5.03793e-07 5.22155e-08 
5.56246e-07 -5.0526e-07 5.09857e-08 
5.56411e-07 -5.06689e-07 4.97216e-08 
5.56545e-07 -5.08041e-07 4.85036e-08 
5.56545e-07 -5.09369e-07 4.71764e-08 
5.56518e-07 -5.10471e-07 4.60464e-08 
5.56476e-07 -5.11693e-07 4.47822e-08 
5.56628e-07 -5.12921e-07 4.37065e-08 
5.56481e-07 -5.13998e-07 4.24827e-08 
5.5619e-07 -5.1504e-07 4.11503e-08 
5.55982e-07 -5.16085e-07 3.98967e-08 
5.55828e-07 -5.17113e-07 3.87145e-08 
5.55402e-07 -5.17851e-07 3.7551e-08 
5.55164e-07 -5.18798e-07 3.63664e-08 
5.54504e-07 -5.19474e-07 3.50294e-08 
5.54176e-07 -5.20368e-07 3.38087e-08 
5.53913e-07 -5.21263e-07 3.26506e-08 
5.53403e-07 -5.21977e-07 3.14253e-08 
5.53178e-07 -5.2306e-07 3.01179e-08 
5.52623e-07 -5.23771e-07 2.88517e-08 
5.51989e-07 -5.24339e-07 2.76496e-08 
5.51351e-07 -5.24905e-07 2.6446e-08 
5.50757e-07 -5.25493e-07 2.52646e-08 
5.50201e-07 -5.26058e-07 2.41425e-08 
5.49328e-07 -5.26486e-07 2.28427e-08 
5.48373e-07 -5.2687e-07 2.15024e-08 
5.47617e-07 -5.27289e-07 2.03274e-08 
5.46802e-07 -5.27637e-07 1.91657e-08 
5.4603e-07 -5.28047e-07 1.79827e-08 
5.45157e-07 -5.28468e-07 1.66892e-08 
5.44211e-07 -5.28764e-07 1.54473e-08 
5.43174e-07 -5.28893e-07 1.42815e-08 
5.42229e-07 -5.29007e-07 1.32226e-08 
5.41153e-07 -5.29225e-07 1.19279e-08 
5.39971e-07 -5.29116e-07 1.08545e-08 
5.3877e-07 -5.29082e-07 9.68834e-09 
5.37327e-07 -5.28961e-07 8.36621e-09 
5.36116e-07 -5.28987e-07 7.12942e-09 
5.34951e-07 -5.29e-07 5.95168e-09 
5.33612e-07 -5.28789e-07 4.82368e-09 
5.32199e-07 -5.28542e-07 3.65668e-09 
5.30931e-07 -5.28374e-07 2.55721e-09 
5.29394e-07 -5.2803e-07 1.36339e-09 
5.28008e-07 -5.27857e-07 1.51431e-10 
5.26837e-07 -5.2775e-07 -9.13474e-10 
5.25534e-07 -5.27466e-07 -1.9316e-09 
5.23901e-07 -5.26989e-07 -3.08876e-09 
5.22399e-07 -5.2659e-07 -4.19095e-09 
5.2074e-07 -5.26081e-07 -5.34112e-09 
5.19236e-07 -5.25679e-07 -6.44297e-09 
5.17562e-07 -5.25036e-07 -7.47411e-09 
5.15832e-07 -5.24424e-07 -8.59154e-09 
5.14314e-07 -5.23931e-07 -9.61688e-09 
5.12643e-07 -5.23361e-07 -1.07179e-08 
5.11e-07 -5.22818e-07 -1.1818e-08 
5.09352e-07 -5.22226e-07 -1.28736e-08 
5.07653e-07 -5.21609e-07 -1.39559e-08 
5.05749e-07 -5.2079e-07 -1.50407e-08 
5.03624e-07 -5.19808e-07 -1.61841e-08 
5.02057e-07 -5.19204e-07 -1.71473e-08 
5.0029e-07 -5.18397e-07 -1.81072e-08 
4.98284e-07 -5.17435e-07 -1.91515e-08 
4.96088e-07 -5.16236e-07 -2.01484e-08 
4.9411e-07 -5.15225e-07 -2.11146e-08 
4.9216e-07 -5.14198e-07 -2.20381e-08 
4.90152e-07 -5.13166e-07 -2.30137e-08 
4.88057e-07 -5.12064e-07 -2.40072e-08 
4.86034e-07 -5.10867e-07 -2.48332e-08 
4.8394e-07 -5.09722e-07 -2.57813e-08 
4.81885e-07 -5.08626e-07 -2.67405e-08 
4.79992e-07 -5.07634e-07 -2.7642e-08 
4.77471e-07 -5.06044e-07 -2.85723e-08 
4.75321e-07 -5.04768e-07 -2.94469e-08 
4.7309e-07 -5.0348e-07 -3.03896e-08 
4.70763e-07 -5.02142e-07 -3.13792e-08 
4.6855e-07 -5.00703e-07 -3.21525e-08 
4.66494e-07 -4.99417e-07 -3.29222e-08 
4.6416e-07 -4.97993e-07 -3.38336e-08 
4.6194e-07 -4.96525e-07 -3.45856e-08 
4.59588e-07 -4.94998e-07 -3.54104e-08 
4.57315e-07 -4.93547e-07 -3.62326e-08 
4.54842e-07 -4.91884e-07 -3.70419e-08 
4.52386e-07 -4.90218e-07 -3.78317e-08 
4.50036e-07 -4.88724e-07 -3.86875e-08 
4.47614e-07 -4.87045e-07 -3.94305e-08 
4.4501e-07 -4.85323e-07 -4.03137e-08 
4.42738e-07 -4.83701e-07 -4.09629e-08 
4.40277e-07 -4.82049e-07 -4.17714e-08 
4.37727e-07 -4.80252e-07 -4.25251e-08 
4.3554e-07 -4.78605e-07 -4.30653e-08 
4.33048e-07 -4.76891e-07 -4.38424e-08 
4.30541e-07 -4.75076e-07 -4.45353e-08 
4.28272e-07 -4.73394e-07 -4.51221e-08 
4.25707e-07 -4.71459e-07 -4.57513e-08 
4.22996e-07 -4.69448e-07 -4.64518e-08 
4.20467e-07 -4.67415e-07 -4.69472e-08 
4.1781e-07 -4.65392e-07 -4.75823e-08 
4.15487e-07 -4.6359e-07 -4.81024e-08 
4.12942e-07 -4.61635e-07 -4.86934e-08 
4.10287e-07 -4.5952e-07 -4.92326e-08 
4.07613e-07 -4.57369e-07 -4.97558e-08 
4.0494e-07 -4.5518e-07 -5.02407e-08 
4.02205e-07 -4.53089e-07 -5.08839e-08 
3.99677e-07 -4.51018e-07 -5.13412e-08 
3.9708e-07 -4.48891e-07 -5.18115e-08 
3.94353e-07 -4.46711e-07 -5.23586e-08 
3.91729e-07 -4.44612e-07 -5.28822e-08 
3.89192e-07 -4.42465e-07 -5.3274e-08 
3.86434e-07 -4.40175e-07 -5.37408e-08 
3.83765e-07 -4.3786e-07 -5.4095e-08 
3.8104e-07 -4.3557e-07 -5.45298e-08 
3.7833e-07 -4.33265e-07 -5.49346e-08 
3.75658e-07 -4.30925e-07 -5.52669e-08 
3.72985e-07 -4.28631e-07 -5.56462e-08 
3.70358e-07 -4.26264e-07 -5.59058e-08 
3.67354e-07 -4.23696e-07 -5.63425e-08 
3.64721e-07 -4.21268e-07 -5.65474e-08 
3.61686e-07 -4.18573e-07 -5.68873e-08 
3.58857e-07 -4.16019e-07 -5.71625e-08 
3.5633e-07 -4.13691e-07 -5.73608e-08 
3.53629e-07 -4.11195e-07 -5.75662e-08 
3.50837e-07 -4.08623e-07 -5.77865e-08 
3.48273e-07 -4.06258e-07 -5.7985e-08 
3.45472e-07 -4.03718e-07 -5.8246e-08 
3.42682e-07 -4.01134e-07 -5.84513e-08 
3.39995e-07 -3.98696e-07 -5.8701e-08 
3.3742e-07 -3.96147e-07 -5.87277e-08 
3.34524e-07 -3.93481e-07 -5.89562e-08 
3.31699e-07 -3.90735e-07 -5.90363e-08 
3.28946e-07 -3.88042e-07 -5.90955e-08 
3.26091e-07 -3.85256e-07 -5.91654e-08 
3.23407e-07 -3.82817e-07 -5.94107e-08 
3.20703e-07 -3.80129e-07 -5.94262e-08 
3.18053e-07 -3.77528e-07 -5.94752e-08 
3.15433e-07 -3.7492e-07 -5.94871e-08 
3.12727e-07 -3.72199e-07 -5.94714e-08 
3.101e-07 -3.69657e-07 -5.95575e-08 
3.0741e-07 -3.66886e-07 -5.94763e-08 
3.04771e-07 -3.64184e-07 -5.94127e-08 
3.02158e-07 -3.61489e-07 -5.93315e-08 
2.99497e-07 -3.5878e-07 -5.92837e-08 
2.96857e-07 -3.55942e-07 -5.90844e-08 
2.93997e-07 -3.53053e-07 -5.90562e-08 
2.91197e-07 -3.50278e-07 -5.90805e-08 
2.88589e-07 -3.47543e-07 -5.89538e-08 
2.85968e-07 -3.44789e-07 -5.88216e-08 
2.83298e-07 -3.41875e-07 -5.85767e-08 
2.80775e-07 -3.39192e-07 -5.84169e-08 
2.78096e-07 -3.36371e-07 -5.82751e-08 
2.75512e-07 -3.33583e-07 -5.80711e-08 
2.72718e-07 -3.30616e-07 -5.78985e-08 
2.70138e-07 -3.27915e-07 -5.77768e-08 
2.6735e-07 -3.24932e-07 -5.75825e-08 
2.64607e-07 -3.21962e-07 -5.73544e-08 
2.622e-07 -3.19087e-07 -5.68879e-08 
2.59739e-07 -3.16253e-07 -5.65145e-08 
2.57117e-07 -3.13335e-07 -5.62177e-08 
2.54434e-07 -3.10399e-07 -5.59658e-08 
2.51816e-07 -3.075e-07 -5.56839e-08 
2.49087e-07 -3.04544e-07 -5.54568e-08 
2.46612e-07 -3.01594e-07 -5.49826e-08 
2.4401e-07 -2.98631e-07 -5.46215e-08 
2.41423e-07 -2.95764e-07 -5.43418e-08 
2.38864e-07 -2.9277e-07 -5.39059e-08 
2.36218e-07 -2.89772e-07 -5.35543e-08 
2.33582e-07 -2.86772e-07 -5.31898e-08 
2.31222e-07 -2.8388e-07 -5.26588e-08 
2.28545e-07 -2.80758e-07 -5.22136e-08 
2.26063e-07 -2.77953e-07 -5.18898e-08 
2.23533e-07 -2.74981e-07 -5.14477e-08 
2.21164e-07 -2.72093e-07 -5.09292e-08 
2.18864e-07 -2.69214e-07 -5.03506e-08 
2.16346e-07 -2.66132e-07 -4.97864e-08 
2.13961e-07 -2.63244e-07 -4.92829e-08 
2.11665e-07 -2.60421e-07 -4.87555e-08 
2.0916e-07 -2.57497e-07 -4.83363e-08 
2.06755e-07 -2.54472e-07 -4.7717e-08 
2.04413e-07 -2.51499e-07 -4.70859e-08 
2.02153e-07 -2.48548e-07 -4.63949e-08 
1.99859e-07 -2.45696e-07 -4.5837e-08 
1.97598e-07 -2.42878e-07 -4.52796e-08 
1.95399e-07 -2.4005e-07 -4.46512e-08 
1.9306e-07 -2.3698e-07 -4.39197e-08 
1.90724e-07 -2.33913e-07 -4.31892e-08 
1.88381e-07 -2.3095e-07 -4.25686e-08 
1.86317e-07 -2.28192e-07 -4.18752e-08 
1.84066e-07 -2.252e-07 -4.1134e-08 
1.8173e-07 -2.22251e-07 -4.05206e-08 
1.79159e-07 -2.19071e-07 -3.99123e-08 
1.77101e-07 -2.16179e-07 -3.90777e-08 
1.7492e-07 -2.13311e-07 -3.83909e-08 
1.72841e-07 -2.10496e-07 -3.76551e-08 
1.70597e-07 -2.07592e-07 -3.6995e-08 
1.68689e-07 -2.04796e-07 -3.61071e-08 
1.6654e-07 -2.0195e-07 -3.54101e-08 
1.64389e-07 -1.99086e-07 -3.46965e-08 
1.6233e-07 -1.96243e-07 -3.39126e-08 
1.60058e-07 -1.93399e-07 -3.33403e-08 
1.58092e-07 -1.906e-07 -3.25081e-08 
1.55843e-07 -1.87508e-07 -3.16648e-08 
1.53916e-07 -1.84668e-07 -3.07515e-08 
1.51894e-07 -1.8181e-07 -2.99161e-08 
1.49869e-07 -1.78987e-07 -2.91183e-08 
